
0.0 0.0 3.141592653589793
0.0 0.0 3.141592653589793
0.0 0.0 3.141592653589793
0.0 0.0 3.141592653589793
-0.001527157556131273 -4.11327037108e-06 3.138895124688705
-0.0021816465295942 -5.876228413741788e-07 -3.136206423818428
-0.005669823691149416 -0.0001321812437845777 3.103751987876033
-0.008501448193345387 -0.000292513460778508 3.084736035897524
-0.01241475839352926 -0.0006200194207837664 3.057469150573229
-0.01306739651765249 -0.0006693319497796487 3.065498998005771
-0.01545399653002222 -0.0009209536376351893 3.035614280170157
-0.0186991783022173 -0.001342855794289207 3.010940561564564
-0.01956572197441724 -0.001446033377305175 3.021607753043091
-0.02236852385656036 -0.001879744514696998 2.986145569931724
-0.02580249936402733 -0.002506249906202413 2.958561603323854
-0.02666263082097129 -0.002653618241479127 2.969181563149396
-0.02943957804956267 -0.003230131754643771 2.933565446169661
-0.03283701070958221 -0.004031473200034502 2.905791125202962
-0.03368847788080669 -0.004222646435069474 2.91636325518602
-0.03684991855150366 -0.005067926891509557 2.875070171515508
-0.03998994224956633 -0.005989586991536297 2.849852256805505
-0.04372681872695765 -0.00719665412696064 2.821631581905719
-0.04435123668681083 -0.007392793001199957 2.829501663279915
-0.04682225091959723 -0.008257651721782666 2.796253416590649
-0.05029212879227543 -0.009567356998148979 2.770602142966109
-0.05090630771011605 -0.00979352619024901 2.778437577160401
-0.05353180903472666 -0.01086616151304551 2.742261466428309
-0.05712580269261728 -0.0124487121326922 2.713605441676288
-0.06086831315312224 -0.01423082935326298 2.682028094511103
-0.06146149021263174 -0.01450743235875412 2.689804099918885
-0.063797205224076 -0.01568994127225746 2.656181870569927
-0.06706455816475052 -0.01744487292998923 2.630002016500285
-0.06764363340687282 -0.01774989770035395 2.637743596717179
-0.07029040125441954 -0.01927421014934885 2.598342780296599
-0.07345852549609272 -0.02120251747743905 2.571951044677052
-0.07693397341778173 -0.0234616297098152 2.539791460633205
-0.07748559264033174 -0.02381388598000551 2.547474907174406
-0.079645384095188 -0.02529347809161291 2.513486968823443
-0.08265338409163207 -0.02746311317236635 2.486793072673887
-0.08594195822257912 -0.02998652485501147 2.454300014608934
-0.0864644092166521 -0.03038074967077935 2.461930434241907
-0.08833640213015469 -0.03188235402101234 2.430589534638167
-0.09115946708376844 -0.03428769903367087 2.398210431016821
-0.09423363587473341 -0.0370683127392224 2.36538992246543
-0.09472256264053718 -0.03750342061579524 2.372968263717834
-0.09712574709095531 -0.03972466140905585 2.351548624380948
-0.09928896926072284 -0.04188090312212845 2.311346399975589
-0.1018515043069653 -0.0445620958602625 2.28399499431501
-0.1043334893288439 -0.04731802233123625 2.251161460428053
-0.1067479461654273 -0.05013329825848023 2.223636013518283
-0.1089481940470234 -0.05284320712244596 2.193532645698827
-0.1095055228471832 -0.05351471896744881 2.203517887821847
-0.1118043000331314 -0.05642521786138569 2.17585786885215
-0.1134831963927201 -0.05871106797786369 2.138156088537913
-0.1155891634961926 -0.06176398181898916 2.104935601230377
-0.1177311484001528 -0.06505535805817977 2.07412137656205
-0.1180925666935298 -0.06560101826727288 2.081556199112577
-0.1194669521669346 -0.06782923650516945 2.046603733870628
-0.1213369145497374 -0.07103214472257842 2.018577496897785
-0.1233199126263513 -0.07467220584335503 1.984644710695519
-0.1236376513967266 -0.07524440364165161 1.992046097648108
-0.1248339797500119 -0.07757307073171123 1.956967979072047
-0.1264303092623993 -0.0809207732946825 1.92337884109605
-0.1268143805812159 -0.08170437572674179 1.933222389542792
-0.1279726942482472 -0.08429321971393208 1.895142748733336
-0.1294049104594612 -0.08771435067994018 1.866852854830424
-0.1308035246241353 -0.09138383774151636 1.830194100105205
-0.1319761718879529 -0.09467163262352003 1.804761684564703
-0.1324357809234569 -0.09589728857882858 1.81946912380123
-0.133338025514144 -0.0985861095918041 1.781277191126579
-0.1345823685006672 -0.1025400869395812 1.757753868909227
-0.1357090360547739 -0.1065291904174779 1.723425139555497
-0.1358920144688488 -0.107157590884185 1.730763384412778
-0.1365423181038996 -0.1096935319575226 1.695459124583615
-0.1372210529833255 -0.1126714888820631 1.66503147711067
-0.13781934281263 -0.1156666445977344 1.634594221002164
-0.1377771842063051 -0.1154525905770891 1.632151132926194
-0.1381098054212636 -0.1173877074589686 1.605654714353371
-0.138349728658111 -0.1191164674302451 1.571327323807006
-0.138264998614924 -0.1184674766241803 1.563999509824287
-0.1384134615118766 -0.1197680271824166 1.546334632624193
-0.1384134615118766 -0.1197680271824166 1.519400539229219
-0.1383796302156766 -0.1191144036745985 1.485135867656449
-0.1383294572866743 -0.1175880649843212 1.468028473464564
-0.1383327479044034 -0.1160609054340197 1.434753980352142
-0.1383294573153201 -0.1164972253388948 1.428870357990936
-0.1383918510730687 -0.1145347215202566 1.406857561560301
-0.1387416911796319 -0.1101854456452966 1.363288523613105
-0.1389751126090555 -0.1080163071941014 1.338799747691574
-0.1391244180802526 -0.106277375891796 1.362314744333995
-0.1395510173586149 -0.1025931672362033 1.336846516693174
-0.1402125791155418 -0.09805969394037925 1.312330500996788
-0.1406293048260935 -0.09569632499436011 1.285364006494638
-0.1407377454863909 -0.09505087254082899 1.294172382064511
-0.1415818750662264 -0.09054781920618765 1.280396203936284
-0.1424659666273607 -0.0864980403916874 1.25533393368794
-0.1430470392228423 -0.08416962296097986 1.228329134429056
-0.1432003773194092 -0.08353334026066787 1.237127534395366
-0.1441092738868516 -0.08016308747769152 1.213992909501295
-0.14538093957779 -0.07598918581292277 1.186377343224009
-0.1462585235559718 -0.07329221527128138 1.17056783239692
-0.1472299829277492 -0.07062761953642242 1.138558971935413
-0.14860301643963 -0.06718230977712707 1.112819132629639
-0.1489173307991392 -0.06636821516783825 1.124514496289435
-0.1502618292257681 -0.06314687681673932 1.101226847645215
-0.151971039093638 -0.05937051243251734 1.075880374429741
-0.1531270505556677 -0.05702157023551531 1.046224990232401
-0.1534112990412106 -0.05643201867284953 1.054975985279847
-0.155011419070135 -0.05332971103425158 1.031572216964786
-0.1572312739166821 -0.0493219325295885 1.006517044557588
-0.1583393608371795 -0.04744262665752031 0.9817316649351362
-0.1602085424358443 -0.04449460071755963 0.9527856251733264
-0.1606678706289944 -0.0437526026310094 0.9644119461114067
-0.1625844475248707 -0.04083516714866163 0.9408338616176217
-0.1649620118898388 -0.03743965333993136 0.9151252278604112
-0.1665321484911495 -0.03534476360573881 0.8852286988916491
-0.1669204380766204 -0.03481788653811305 0.8939205225478237
-0.1690662407057198 -0.03206466517606851 0.8701867340764577
-0.171988417031008 -0.02853607769577229 0.8446790631908869
-0.1738497971538353 -0.02639620204994941 0.8229481390988069
-0.1757849473493144 -0.02432279966204204 0.7903721058752962
-0.1763734704987331 -0.02367845188943389 0.8019063412535399
-0.1789547185871326 -0.02101526983249946 0.7754297749047323
-0.1820911438269981 -0.01798188468527463 0.7467173728723471
-0.184166629871834 -0.01604896942098236 0.7301758253408037
-0.1871114136584467 -0.01345098841127405 0.7063654279022549
-0.189964062638291 -0.01108080399650014 0.6796050191289917
-0.1928733228004177 -0.008780459311174549 0.6581646458095638
-0.1958494496959432 -0.006567305664458239 0.6312487973647194
-0.1987055904320243 -0.004560527927097711 0.6067898941812144
-0.2017910293688464 -0.002502507779143426 0.585105456353892
-0.2049360793002388 -0.0005367912962058433 0.5579379422214807
-0.207392265939306 0.0008812887210395499 0.5247106602292355
-0.2081432710192463 0.001325737727530163 0.5360466255257279
-0.211194079313491 0.003021988164003616 0.5112693929597754
-0.2150741164998821 0.005017959147983909 0.4815102286377524
-0.2178196151346661 0.006356296073936056 0.4616963352219576
-0.2209973812762658 0.007800767998471631 0.4366494938673862
-0.2242128956775696 0.009159136110021691 0.4115076469761032
-0.2270692784789244 0.01024079491625064 0.3752427450866236
-0.227882011009408 0.01055861465031444 0.3864418722486889
-0.2311659986222822 0.01174188222358662 0.3611048962936962
-0.2353166362429099 0.01308754045616269 0.3306261562627153
-0.2382417032425891 0.01396668295220922 0.3102983142853715
-0.2420315802525761 0.0149953175451891 0.2848124636458884
-0.2454237619496649 0.01581860371985968 0.2590578747729859
-0.2488368850856094 0.01655023699572179 0.2331925417510732
-0.2516291579367095 0.01704724410457671 0.1989241719741504
-0.255512512426126 0.01763103754940995 0.1728925655813054
-0.2589771062393346 0.01805681507458631 0.1466433814817538
-0.2596260513087022 0.01814189470504262 0.1548598008666726
-0.2633140120511985 0.0185347380886574 0.1312746393209618
-0.2676654584723215 0.018856456569266 0.09954214685254037
-0.2709339329105591 0.01901857076038892 0.07563902743926754
-0.274205376474477 0.01910141502679925 0.05162990812387847
-0.2772594682424495 0.01906357386177855 0.01398099061209557
-0.2809658049607455 0.01892774863269986 -0.01031259434863685
-0.2840149637152325 0.01875015535888796 -0.03199571076651164
-0.2872813951763385 0.0185510783027682 -0.0348483115275684
-0.2892435734389658 0.01847917082855007 -0.01063692105378244
-0.2933880754865852 0.01840548831961446 0.008265130025540302
-0.2979693494041643 0.01836106564198969 0.01645198750520027
-0.3010233281726356 0.01831499870488161 0.01111350284206125
-0.3045128198660384 0.01822475174847089 0.0003415706876310765
-0.308437176391293 0.01808093680003463 -0.01049128311662262
-0.3121431338333745 0.017935129393762 -0.01325575619764763
-0.3160678634761629 0.01780188485271172 -0.007914103497180136
-0.3197754484004034 0.01770599746152533 0.0001670299842171374
-0.323265375606855 0.01763454898262133 0.00558248604928302
-0.327191543714113 0.01755416944385433 0.005615058172263154
-0.3311172218691911 0.01745264161789228 0.0002295790246042984
-0.3348245350815051 0.01734676854272296 -0.002477563232242908
-0.3387499255416022 0.0172346676396025 -0.002492271820556446
-0.3424575104658427 0.01713878024841611 0.000202271636542406
-0.3463831886209208 0.01703725242245405 0.0002034864907667355
-0.3498726803143235 0.01694700546604334 0.0002045786778221981
-0.3537983584694016 0.01684547764008128 0.0002058214876470288
-0.3577240366244797 0.01674394981411922 0.0002070794898356709
-0.3616497147795578 0.01664242198815717 0.0002083529646732529
-0.3653570279918718 0.01653654891298785 -0.002499573988842485
-0.3690646129161123 0.01644066152180147 0.0001949743854847696
-0.3729902910711904 0.01633913369583941 0.0001961951046727251
-0.3766981208108697 0.01625323268424619 0.002906792551499393
-0.3806240581822949 0.01616227867197102 0.002925216010442711
-0.3843316431065354 0.01606639128078463 0.0002332026135736243
-0.3880389563188493 0.01596051820561531 -0.002475111864979063
-0.3919643467789465 0.01584841730249486 -0.002491091900965969
-0.3958897372390436 0.0157363163993744 -0.002507279620828307
-0.3995973221632841 0.01564042900818801 0.0001872790945895986
-0.4037413671664551 0.01554442199523088 0.002900707990845852
-0.4074489520906956 0.0154485346040445 0.0002085957095321334
-0.411156781830375 0.01536263359245128 0.002920277063260812
-0.4148643667546154 0.01526674620126489 0.0002283052133105201
-0.4187900449096935 0.01516521837530284 0.000229847250610149
-0.4227157230647716 0.01506369054934078 0.0002314102602642976
-0.4264230362770856 0.01495781747417146 -0.002477913265019005
-0.4303484267371828 0.014845716571051 -0.002494989369726142
-0.4340560116614232 0.01474982917986462 0.0001997198423469015
-0.4379816898165013 0.01464830135390256 0.0002011148711362765
-0.4419073679715794 0.0145467735279405 0.0002025295253602621
-0.4456151977112588 0.01446087251634729 0.002915306030668141
-0.4493227826354992 0.0143649851251609 0.0002233906626312177
-0.4532484607905773 0.01426345729919884 0.0002249945990602242
-0.4569557740028913 0.01415758422402952 -0.002485267508744116
-0.4608811644629884 0.01404548332090907 -0.002503364265068697
-0.4648071018344137 0.01395452930863389 0.002904604612812278
-0.4685146867586541 0.01385864191744751 0.0002126685408949669
-0.4724403649137322 0.01375711409148545 0.0002142510417888488
-0.4761481946534116 0.01367121307989223 0.002928239325035165
-0.479855779577652 0.01357532568870585 0.0002365038419842591
-0.4837814577327301 0.01347379786274379 0.0002383023674790152
-0.4874887709450441 0.01336792478757447 -0.002472867473247042
-0.4914141614051413 0.01325582388445401 -0.002491954951535647
-0.4951217463293817 0.01315993649326763 0.0002029337650313323
-0.4990474244844598 0.01305840866730557 0.0002045240321564279
-0.502973102639538 0.01295688084134351 0.0002061394200296718
-0.506898780794616 0.01285535301538146 0.0002077805286191392
-0.5108244589496942 0.0127538251894194 0.0002094479771557189
-0.5143139506430969 0.01266357823300869 0.0002109527825098212
-0.5180212638554109 0.01255770515783937 -0.002501552551322561
-0.5215104998199417 0.01245805991062118 -0.00251979558155746
-0.5256542712058574 0.01235089164988346 0.0001751303995067843
-0.5293621009455368 0.01226499063829024 0.002891137335868876
-0.5330696858697773 0.01216910324710385 0.0001992980155334223
-0.5369953640248554 0.0120675754211418 0.0002009877951110184
-0.5409210421799335 0.01196604759517974 0.0002027064738374662
-0.5446283553922475 0.01186017452001042 -0.002510981772427812
-0.5483359403164879 0.01176428712882404 0.0001839250571853412
-0.5522616184715661 0.01166275930286198 0.0001855376665300668
-0.5561872966266442 0.01156123147689992 0.0001871788039196076
-0.5598951263663235 0.01147533046530671 0.002904854977078486
-0.5638210637377488 0.01138437645303153 0.002930998924780326
-0.5686187631889786 0.01124736423810653 -0.002483134508386442
-0.5727618971602463 0.01111787589511088 -0.00522675058100841
-0.5760330558769939 0.01102445847584383 -0.002552888825804622
-0.579304454339559 0.01093985195420878 0.0001416132205385168
-0.5827939460329618 0.01084960499779807 0.0001427976624235328
-0.5865017757726412 0.01076370398620485 0.002861637385197291
-0.5904277131440664 0.01067274997392968 0.002889065498232313
-0.5945714845299822 0.01056558171319195 0.0001976558952989649
-0.5982787977422962 0.01045970863802263 -0.002518787245394449
-0.6019863826665367 0.01036382124683624 0.0001762487301046889
-0.6059120608216149 0.01026229342087419 0.0001780044108068424
-0.6096193740339289 0.01015642034570487 -0.002539294511459289
-0.6135447644940261 0.01004431944258441 -0.002565088984406216
-0.6172523494182666 0.009948432051398025 0.0001295633594935452
-0.6209601791579459 0.009862531039804808 0.002850585508701542
-0.6248861165293711 0.009771577027529637 0.002880417547134861
-0.6288120539007963 0.009680623015254465 0.002910880585769604
-0.6325196388250367 0.009584735624068081 0.000219665345856157
-0.6364447131136061 0.009462062457019565 -0.005222947885442863
-0.6401520263259201 0.009356189381850245 -0.002555600761517951
-0.6440774167860173 0.009244088478729788 -0.002583787864931963
-0.6477850017102577 0.009148201087543401 0.0001107753997553473
-0.651492831449937 0.009062300075950184 0.002834016841625875
-0.6554187688213622 0.008971346063675013 0.002866303490449695
-0.6593447061927874 0.008880392051399842 0.002899334268578357
-0.6630522911170279 0.008784504660213454 0.0002081908000448607
-0.6667596043293419 0.008678631585044136 -0.002512868567039028
-0.6706849947894391 0.00856653068192368 -0.002542823668306049
-0.6743925797136796 0.008470643290737292 0.0001523003340695439
-0.6783182578687577 0.008369115464775237 0.0001541589403348809
-0.6822439360238358 0.008267587638813181 0.0001560634702588715
-0.6859517657635152 0.008181686627219962 0.002883112852789083
-0.6898777031349405 0.008090732614944791 0.002919608425923315
-0.693585288059181 0.007994845223758405 0.0002289360546434693
-0.6972926012714949 0.007888972148589085 -0.002494658168473052
-0.7012179917315922 0.007776871245468628 -0.002527435151280955
-0.7051433821916893 0.007664770342348175 -0.002561084904275646
-0.7092871535776051 0.007557602081610449 0.0001342105586088493
-0.7134311985807762 0.007461595068653324 0.002868506908541235
-0.7177933512156931 0.007360535055014245 0.00291284303732553
-0.7212830733236266 0.007279687044102983 0.002949311075811423
-0.7245544717861918 0.007195080522467934 0.0002589409975009005
-0.7278256305029394 0.007101663103200889 -0.002463729218479038
-0.7317510209630365 0.006989562200080433 -0.00249978434014686
-0.7354586058872769 0.006893674808894047 0.000196338667157292
-0.739384284042355 0.00679214698293199 0.0001992961189785092
-0.7433099621974332 0.006690619156969932 0.0002023440296490264
-0.7467994538908359 0.006600372200559216 0.0002051326257088704
-0.7507251320459141 0.006498844374597159 0.0002083631170588518
-0.7546508102009922 0.006397316548635101 0.0002116969859624618
-0.7585764883560704 0.006295788722673044 0.000215139275315579
-0.7620659800494731 0.006205541766262327 0.0002182944460322744
-0.7659916582045513 0.006104013940300269 0.0002219564898062742
-0.7699173363596294 0.006002486114338212 0.0002257434966717042
-0.7738430145147075 0.005900958288376158 0.0002296619739947658
-0.7792949457092868 0.005745262589597748 -0.002524611821915101
-0.7840926451605167 0.005608250374672745 -0.002580715367999531
-0.7893264991073129 0.005458782503845474 -0.002644833756080267
-0.7941241985585428 0.005321770288920471 -0.002706473039893353
-0.7991403428678092 0.005192040289080066 -1.33899452486e-05
-0.803720603134472 0.005085927274759029 0.002742554462887625
-0.8083005609820632 0.004967478144469963 5.0319265064e-05
-0.8126624255988165 0.00485466944895657 5.14908694793e-05
-0.8172420478022632 0.004723885061982707 -0.002708125524874205
-0.8216035927579267 0.004599328502959976 -0.002774340351411553
-0.8266197370671932 0.004469598503119572 -8.32724693582e-05
-0.8307637820703643 0.004373591490162447 0.002674046379278039
-0.8342535041782978 0.004292743479251184 0.002730343452390649
-0.8377432262862313 0.004211895468339921 0.002789061958461403
-0.8416686167463285 0.004099794565219464 -0.002662165537612893
-0.8455940072064257 0.003987693662099006 -0.002729849455917588
-0.8488654056689908 0.003903087140463962 -3.72288852395e-05
-0.852791083824069 0.003801559314501906 -3.82216835675e-05
-0.8562805755174718 0.003711312358091187 -3.91497027463e-05
-0.8595521899936595 0.003635517347861879 0.002716084207816216
-0.8628235884562245 0.003550910826226833 2.32156207991e-05
-0.8663130801496274 0.003460663869816114 2.3821593814e-05
-0.8693663853813548 0.003381697782956738 2.43783766258e-05
-0.8724196906130822 0.00330273169609736 2.49618097365e-05
-0.8754729958448096 0.003223765609237985 2.55738534811e-05
-0.8785263010765371 0.003144799522378607 2.62166652849e-05
-0.8811434198465892 0.003077114305070568 2.67939331078e-05
-0.8841967250783166 0.002998148218211193 2.75003897947e-05
-0.8868138438483687 0.002930463000903156 2.81362602612e-05
-0.8894309626184208 0.002862777783595119 2.88022322339e-05
-0.8920480813884729 0.002795092566287081 2.95004949979e-05
-0.894665200158525 0.002727407348979043 3.02334554139e-05
-0.8970640498841399 0.002658901241516542 -0.002725243846372294
-0.899680976857538 0.002584167306102904 -0.002796340002674924
-0.9020800023967523 0.002522122523570536 -0.0001054524561459047
-0.904260934705129 0.002465718175813839 -0.0001078546658153101
-0.9066601186543334 0.002410135168312343 0.00265200870528659
-0.9088411949717918 0.002359605161492803 0.002715456678199502
-0.9112402205110063 0.002297560378960435 2.26432403361e-05
-0.9132029157410548 0.002241509927400208 -0.002731163092873246
-0.9153836882188866 0.002179231647888845 -0.002801557215807549
-0.9173465272964256 0.002128467734907816 -0.0001107161590088168
-0.9193094959821383 0.002082990728770228 0.002645518562511384
-0.9214905722995967 0.002032460721950688 0.002719008925740951
-0.9230172249154605 0.001992977678521001 2.61072536913e-05
-0.9247619707621619 0.001947854200315642 2.67126721401e-05
-0.9265067166088633 0.001902730722110282 2.73468360881e-05
-0.9282514624555647 0.001857607243904926 2.8011842593e-05
-0.9297780031900469 0.00181401244824697 -0.002723344216999379
-0.9315226211723122 0.001764189824637881 -0.002792732822486599
-0.9330492737881759 0.001724706781208193 -0.0001015883255242045
-0.9345760272103969 0.001689335776434514 0.002652300528407814
-0.9363208882643637 0.001648911770978882 0.002724970843741126
-0.9378475408802274 0.001609428727549192 3.23367497188e-05
-0.9391561002652534 0.001575586118895173 3.30322100908e-05
-0.9406826409997356 0.00153199132323722 -0.002728847315948357
-0.9419911044864347 0.001494624355530401 -0.002790404483089759
-0.9435177571022985 0.001455141312100713 -9.96168218865e-05
-0.9446082952610276 0.001429876308690944 0.002644855097159393
-0.9459169410515027 0.00139955830459922 0.002708848233119454
-0.9474435936673664 0.001360075261169531 1.58873606928e-05
-0.9485339799062823 0.001328936121413849 -0.002734253520982222
-0.9498424433929814 0.00129156915370703 -0.002805587518301067
-0.9509329095471698 0.001263366979828682 -0.0001146712320458931
-0.9520234477058991 0.00123810197641891 0.002637350647320957
-0.953332093496374 0.001207783972327188 0.002711301347162021
-0.9544225596505624 0.00117958179844884 1.83200839103e-05
-0.9555129458894783 0.001148442658693158 -0.002740661014280832
-0.9566034120436667 0.001120240484814807 -4.8439012752e-05
-0.9574757849670174 0.001097678745712128 -4.94327274403e-05
-0.9585663231257465 0.00107241374230236 0.002713561605842685
-0.9596567892799349 0.001044211568424011 2.06969764012e-05
-0.9605291622032857 0.001021649829321329 2.11544146751e-05
-0.9614015351266363 0.0009990880902186515 2.16325302773e-05
-0.9622739080499869 0.0009765263511159728 2.21327576231e-05
-0.9631462809733375 0.0009539646120132941 2.26566669514e-05
-0.9640186538966883 0.0009314028729106138 2.32059807779e-05
-0.9648910268200389 0.0009088411338079351 2.37825928231e-05
-0.9657633997433895 0.0008862793947052575 2.43885898197e-05
-0.9666357726667403 0.0008637176556025761 2.50262767469e-05
-0.9675081455900909 0.0008411559164998974 2.56982061302e-05
-0.9681623773334403 0.0008224724326464895 -0.002722533959898854
-0.9690346863245731 0.0007975611208419414 -0.002799234893392288
-0.9696889660170861 0.0007806398165149344 -0.0001081098607897957
-0.9703432889123237 0.0007654808144690714 0.002642335786331884
-0.9712157194393071 0.0007452688117412568 0.002722417613609807
-0.9718699991318202 0.0007283475074142449 2.9682981169e-05
-0.9725242308751696 0.0007096640235608367 -0.002727157577125716
-0.9731785105676827 0.0006927427192338259 -3.45714881913e-05
-0.973614697029358 0.0006814618496824883 -3.51430044176e-05
-0.9744870699527086 0.0006589001105798107 -3.63446631155e-05
-0.974923256414384 0.0006476192410284696 -3.69768450845e-05
-0.9755775793096216 0.0006324602389826074 0.002727598505233075
-0.9762318590021346 0.0006155389346555981 3.51303102928e-05
-0.9766680454638099 0.000604258065104258 3.57870641672e-05
-0.9773222772071594 0.0005855745812508498 -0.002734297878658865
-0.9777584317027258 0.0005731189253485752 -0.00278792112704096
-0.9784127113952388 0.0005561976210215682 -9.73763111887e-05
-0.9790670342904764 0.0005410386189757052 0.002677174445251396
-0.9795032495539681 0.0005309326176117967 0.002734146628528222
-0.9797213427848057 0.0005252921828361284 4.11754106207e-05
-0.980157529246481 0.0005140113132847883 4.20805467449e-05
-0.9808117609898306 0.0004953278294313791 -0.002741733687246395
-0.9812479154853969 0.0004828721735291057 -0.002805508414642333
-0.9816841307488886 0.0004727661721651974 0.002642783339877219
-0.9821203460123803 0.0004626601708012888 0.002707255759803573
-0.9825565612758719 0.0004525541694373826 0.002774952524962515
-0.9829927157714383 0.0004400985135351075 -0.002678852682706179
-0.9834288702670047 0.0004276428576328355 -0.002749365652213953
-0.983865024762571 0.0004151872017305621 -0.002823691058906341
-0.9840831179934086 0.0004095467669548927 -0.0001320668465343289
-0.9847374408886461 0.0003943877649090317 0.002671142789369085
-0.9851735953842126 0.000381932109006757 -0.002795570021538296
-0.9858277744323074 0.0003614865811653388 -0.005742386457489701
-0.9867002562339203 0.0003436244614393391 0.005361265643256452
-0.9869183879206371 0.0003397464346532538 0.00818895859703872
-0.9875727492718468 0.0003263498448587547 0.005784878813017258
-0.9880088686372435 0.0003127194929644747 -0.00517022663315192
-0.988226909172954 0.0003053170184616801 -0.008009305872055172
-0.9884449688556523 0.0002985018425145407 -0.005416230011375589
-0.9888811553173276 0.0002872209729632008 -3.05651244785e-05
-0.9890992629490734 0.0002821679722812472 0.002716120178657633
-0.989535478212565 0.0002720619709173386 0.002829334068829681
-0.9897535714434027 0.0002664215361416704 0.0001388178502299553
-0.9899716486911859 0.0002601937081905331 -0.002610147710512933
-0.9901897419220236 0.0002545532734148636 8.51126259178e-05
-0.990625928383699 0.0002432724038635224 8.90730063094e-05
-0.990625928383699 0.0002432724038635224 8.90730063094e-05
-0.990625928383699 0.0002432724038635224 8.90730063094e-05
-0.990625928383699 0.0002432724038635224 8.90730063094e-05
-0.990625928383699 0.0002432724038635224 8.90730063094e-05
-0.990625928383699 0.0002432724038635224 8.90730063094e-05
-0.990625928383699 0.0002432724038635224 8.90730063094e-05
-0.990625928383699 0.0002432724038635224 8.90730063094e-05
-0.990625928383699 0.0002432724038635224 8.90730063094e-05
-0.990625928383699 0.0002432724038635224 8.90730063094e-05
-0.990625928383699 0.0002432724038635224 8.90730063094e-05
-0.990625928383699 0.0002432724038635224 8.90730063094e-05
-0.990625928383699 0.0002432724038635224 8.90730063094e-05
-0.990625928383699 0.0002432724038635224 8.90730063094e-05
-0.990625928383699 0.0002432724038635224 8.90730063094e-05
-0.990625928383699 0.0002432724038635224 8.90730063094e-05
-0.990625928383699 0.0002432724038635224 8.90730063094e-05
-0.990625928383699 0.0002432724038635224 8.90730063094e-05
-0.990625928383699 0.0002432724038635224 8.90730063094e-05
-0.990625928383699 0.0002432724038635224 8.90730063094e-05
-0.990625928383699 0.0002432724038635224 8.90730063094e-05
-0.990625928383699 0.0002432724038635224 8.90730063094e-05
-0.990625928383699 0.0002432724038635224 8.90730063094e-05
-0.990625928383699 0.0002432724038635224 8.90730063094e-05
-0.990625928383699 0.0002432724038635224 8.90730063094e-05
-0.990625928383699 0.0002432724038635224 8.90730063094e-05
-0.990625928383699 0.0002432724038635224 8.90730063094e-05
-0.990625928383699 0.0002432724038635224 8.90730063094e-05
-0.990625928383699 0.0002432724038635224 8.90730063094e-05
-0.990625928383699 0.0002432724038635224 8.90730063094e-05
-0.990625928383699 0.0002432724038635224 8.90730063094e-05
-0.990625928383699 0.0002432724038635224 8.90730063094e-05
-0.990625928383699 0.0002432724038635224 8.90730063094e-05
-0.990625928383699 0.0002432724038635224 8.90730063094e-05
-0.990625928383699 0.0002432724038635224 8.90730063094e-05
-0.990625928383699 0.0002432724038635224 8.90730063094e-05
-0.990625928383699 0.0002432724038635224 8.90730063094e-05
-0.990625928383699 0.0002432724038635224 8.90730063094e-05
-0.990625928383699 0.0002432724038635224 8.90730063094e-05
-0.990625928383699 0.0002432724038635224 8.90730063094e-05
-0.990625928383699 0.0002432724038635224 8.90730063094e-05
-0.990625928383699 0.0002432724038635224 8.90730063094e-05
-0.990625928383699 0.0002432724038635224 8.90730063094e-05
-0.990625928383699 0.0002432724038635224 8.90730063094e-05
-0.990625928383699 0.0002432724038635224 8.90730063094e-05
-0.990625928383699 0.0002432724038635224 8.90730063094e-05
-0.990625928383699 0.0002432724038635224 8.90730063094e-05
-0.990625928383699 0.0002432724038635224 8.90730063094e-05
-0.990625928383699 0.0002432724038635224 8.90730063094e-05
-0.990625928383699 0.0002432724038635224 8.90730063094e-05