0.0 0.0 -1.570796326794897
0.001526891674546713 2.87912216122e-05 -1.591177038699621
0.01432406481443543 -0.001355289017599154 -1.477402474085865
0.01865949929379335 -0.001847829992406124 -1.476365000047297
0.02447576640353516 -0.002779959211299845 -1.436424246762479
0.03001362983798813 -0.004007673977163569 -1.382755452444122
0.03637146758826779 -0.00556161213507874 -1.367641482548909
0.0424324933944543 -0.007376164144691101 -1.322629916126146
0.04715047061667641 -0.009084737975357632 -1.270893407131424
0.05304526049661933 -0.01138258154926984 -1.252710439763346
0.05780252814629605 -0.01356981091313253 -1.198381589256155
0.06368882582517052 -0.01643133573273185 -1.182966084376748
0.06942953085705157 -0.01957476226987908 -1.140519899360189
0.07349547915391329 -0.02212520474494437 -1.085584517717654
0.07913597895433583 -0.0258568225497686 -1.067384997845522
0.08406129564069449 -0.02947025436218027 -1.024243337878316
0.08825072936189295 -0.03296259455132725 -0.9669034936991563
0.09318658930884072 -0.03726074662420958 -0.9508420232575278
0.09790835099159283 -0.04179305191719238 -0.9076933980749221
0.1016017800470436 -0.04580632697796229 -0.8499991622280886
0.106189311041598 -0.05106877379858443 -0.8284260541829677
0.1101241129293962 -0.05602316245134743 -0.7873324220440149
0.1129955708780296 -0.06013816705079505 -0.7289006340109374
0.1166244375476096 -0.0655850148871053 -0.7118699399374285
0.1200814504795054 -0.07139786883577399 -0.6651276921392011
0.1223744131566354 -0.07586114742505495 -0.6062327137512789
0.1252391084027341 -0.08174590279843164 -0.5885833708379831
0.12771370288971 -0.08756870409539133 -0.540923937932684
0.1295321210828782 -0.09271079998868237 -0.481718229303417
0.1315807688804041 -0.09892689738650348 -0.4633628573170709
0.1334441322382656 -0.1058810641110048 -0.4099523462182699
0.1350405578869436 -0.1133481320197821 -0.3617670183445367
0.1360071348338887 -0.1191587737208522 -0.3180327962199372
0.1366121278473252 -0.1250181091290937 -0.2577691810667193
0.1371434849355231 -0.1317603542362275 -0.2353090037107197
0.1373761297794958 -0.1383012028840773 -0.193647340381313
0.1372615541092566 -0.1437541532154883 -0.137945253166843
0.1370805869393203 -0.1513878239504267 -0.1364496073381085
0.1367450581975975 -0.1587978807594162 -0.1159002052175941
0.1361702465960196 -0.1661932247724873 -0.08431224979811747
0.1354794086221084 -0.1731402766694919 -0.06328759386790761
0.1346763982157793 -0.1800752576682547 -0.04752295330643874
0.1336890112211481 -0.1878669259382493 -0.03709991299690807
0.1326376844748042 -0.1952096933675907 -0.0211298704357239
0.1314943960765789 -0.2027594330746622 -0.01317295969580057
0.1305719807835891 -0.2074696180390377 0.03010036128800575
0.129161283205327 -0.2163024885525535 -0.004969299353718926
0.1281290654651353 -0.222765564538053 -0.005010587697916291
0.1270968477249435 -0.2292286405235524 -0.005052567888318871
0.1261617493369263 -0.2339363239640672 0.03285700358707921
0.1247654068175906 -0.2429922835431183 -0.01035981159674804
0.1237844273865896 -0.249242588509662 -0.007730147638012941
0.1231135799007788 -0.2526681775746623 0.03011572041508326
0.1216839911309827 -0.2619397552389289 -0.0104144092664884
0.1207214627854889 -0.2684135766638391 -0.01594069834649492
0.1196204305292843 -0.2753075243817051 -0.005216173034439775
0.1185717973444212 -0.2819888848631828 -0.007983088650837411
0.1177332379871577 -0.2862708711944332 0.02990391183825247
0.116380162909915 -0.2948919814931141 -0.007899111258565128
0.1153653566019829 -0.3013578142171248 -0.007972121842954705
0.1146106531804458 -0.3052116019152502 0.02990141112487121
0.1124088544309939 -0.3167849935597609 0.02493165859105195
0.1118418014964851 -0.3206708278133243 -0.01826648453400859
0.1108471888728081 -0.3273604432857316 -0.01572756685708754
0.1100432559396314 -0.3316490655091995 0.02212174342077211
0.10869571625594 -0.3407124155040738 -0.01579971212079512
0.1077331879104462 -0.3471862369289841 -0.01595599652023116
0.1067205610434467 -0.3538731492409618 -0.01339954983826219
0.1059348890152376 -0.3579431671523393 0.02717356781197111
0.1045302775545609 -0.3672185616495987 -0.0134210466373883
0.10356613629121 -0.3734714861208482 -0.01083451483699149
0.1025687487773988 -0.3799400286773132 -0.01094734207712844
0.1017417255898104 -0.3842242580577106 0.02694745123324993
0.1003453830704746 -0.3932802176367617 -0.01092060541106044
0.09934799555666339 -0.3997487601932267 -0.01103808033858678
0.09829936237180026 -0.4064301206747044 -0.008438471722292284
0.09746080301453681 -0.4107121070059548 0.02948304526216217
0.09609770674566145 -0.4195524484997903 -0.01108408207452705
0.09510031923185021 -0.4260209910562554 -0.01120876951878857
0.09440716036628202 -0.4296644662036014 0.02395826395885026
0.09311055659832741 -0.4380735715270059 -0.01122120888211908
0.09216326049694076 -0.4443290701414366 -0.01407090854604531
0.09134777947862525 -0.4486155114912554 0.02382133729057645
0.08996815551675075 -0.4578946555336267 -0.01686283225175167
0.0890208594153641 -0.4641501541480575 -0.01433445485435003
0.08805671815201324 -0.4704030786193071 -0.0117782285206447
0.08717623082688661 -0.47489916426712 0.02886923995629842
0.08582315574964386 -0.4835202745658009 -0.008985807472556395
0.08484319426545078 -0.4899914800290051 -0.01455456464808602
0.08381256050117918 -0.4966756406706856 -0.01201836481013774
0.08262861980859176 -0.5042191121820315 -0.009466618564890394
0.08170620451560197 -0.5089292971464069 0.02851335749454953
0.08027661574580586 -0.5182008748106735 -0.0121160974915302
0.07922798256094273 -0.5248822352921512 -0.009554988323053903
0.07817836087666268 -0.5313425076530811 -0.004225586214564592
0.07737077590519331 -0.5354082342607984 0.03105966225004053
0.0749724086611868 -0.547832499463951 0.026381528400927
0.07437385278587196 -0.5519342133982679 -0.01958352918027617
0.07339389130167887 -0.5584054188614721 -0.01440426928276151
0.07236325753740726 -0.5650895795031526 -0.01189049794751629
0.0715362343498188 -0.56937380888355 0.02607526097054302
0.07018869466612741 -0.5784371588784244 -0.0173841744313199
0.06917606779912791 -0.585124071190402 -0.01492697870065118
0.06816126149119583 -0.5915899039144128 -0.009690958026381757
0.06732270213393238 -0.5958718902456632 0.02831511553503407
0.06595075605606207 -0.6049315778941491 -0.0151175281781073
0.06490546380625611 -0.6118341970549003 -0.01538568963345366
0.06380833754106374 -0.6189495938670119 -0.01292878605252468
0.06269205060233847 -0.6260620098634236 -0.0104297240839677
0.06157245413910641 -0.6329529670484155 -0.005137500457125244
0.06038288289692236 -0.6402746090574695 -0.005241975210041439
0.05946609531328403 -0.6447634334702378 0.0356062979944014
0.0580115396052481 -0.6540311270413197 -0.01045393646207282
0.05618384730139639 -0.6632325083114169 0.03076993066376765
0.05558541479310963 -0.667113633845296 -0.01246802059038155
0.05446912785438437 -0.6742260498417076 -0.00998766558777775
0.05357653393854981 -0.67871974767129 0.03084120044390337
0.05110278383462262 -0.6913516073484787 0.02930574122017426
0.05051480694410677 -0.6952343306264012 -0.01396408387298775
0.04946951469430082 -0.7021369497871522 -0.01428694116939466
0.04842422244449487 -0.7090395689479033 -0.01462507999511753
0.0473270961793025 -0.7161549657600149 -0.01223017902032675
0.04653046478990221 -0.7202228527747028 0.0285826301761547
0.04515084082802771 -0.7295019968170741 -0.01779385513895537
0.04405997536980136 -0.7368389944319723 -0.0182884945450994
0.04295894311359678 -0.7437329421498384 -0.007716760448575277
0.04185791085739222 -0.7506268898677044 -0.007929812166040051
0.04075687860118765 -0.7575208375855704 -0.00815496190855125
0.0395870318289703 -0.7648456570358031 -0.008408627789308731
0.03836247319731023 -0.7723826414568881 -0.005904277870881325
0.03744568561367193 -0.7768714658696563 0.03519527772032371
0.03564896603541675 -0.7889559325294887 -0.0197387195050045
0.03430968534035286 -0.7977999133292011 -0.01778868874568174
0.03294658907147749 -0.8066402548230367 -0.01578363882901179
0.0315702987512218 -0.8152576894703691 -0.01088090695340749
0.03026282294697886 -0.8234442523853351 -0.01138447452067703
0.02885309436311353 -0.8318351342812396 -0.003469020314689208
0.02749422332865959 -0.8397920834115893 -0.0008141274011563837
0.0261139259279468 -0.8477453436887861 0.00197748261262598
0.02480619409305233 -0.8550468064803763 0.007735749308109385
0.02357538766021047 -0.8619187714606966 0.008121282083155767
0.02234458122736861 -0.8687907364410169 0.008547257721461143
0.02158285603586056 -0.8724204960879998 0.03926871434990864
0.02027716930545655 -0.879943850404267 0.004521201400162544
0.01940583372884845 -0.8848854400186708 0.007524715991425568
0.01862242169060604 -0.8893994526084311 0.00502865876241354
0.01806986355223227 -0.8921812655505534 0.03002857105737911
0.01694931006249316 -0.8988509409037083 0.000427516293357133
0.01622637232717759 -0.9031539572605825 0.000446512912263719
0.01505238922700877 -0.9091487381243329 0.02919663641724557
0.01428865294049089 -0.9132229292366275 0.02211161854858901
0.01353589287534118 -0.9172991626228751 0.02037865410450479
0.01319762410603049 -0.9194544401975454 -0.006730662420757705
0.01252108656740911 -0.9237649953468858 -0.007110796993070156
0.01186734866528765 -0.9278582768043687 -0.004667837390806007
0.01131683253718536 -0.9313052506633018 -0.004901873699031833
0.01062868737705751 -0.9356139679869681 -0.005229627623507094
0.009717451508718356 -0.9405483557703206 0.02059451381888788
0.009468480638798835 -0.9420550875401368 0.001785923491708141
0.008737689319298992 -0.946135316747202 0.01641157265215809
0.008448514225172758 -0.9478565232899517 0.005824216133088811
0.008057274286727789 -0.9502242446425201 0.003279811936883315
0.007829969353699602 -0.9515133549767123 0.0144279864728869
0.007195778656074804 -0.9551675556446135 0.0126930464950703
0.006791789970156055 -0.9575331351157986 0.01055762215642808
0.006555001831638583 -0.9590418294180677 -0.003016541823621655
0.006284386816190024 -0.9607660514778039 -0.0031490440026396
0.005974721494132502 -0.9627049742734537 -0.000479320735380151
0.005699463430081349 -0.9644284612029203 -0.0005025425753848456
0.005424205366030224 -0.9661519481323867 -0.0005281290508167835
0.005148947301979071 -0.9678754350618533 -0.0005564607166652635
0.004904035575647053 -0.9693828319460702 0.002242196522628914
0.004663184769602298 -0.9708908830093534 -0.0004745869471485253
0.004554744109304964 -0.9715363354628845 0.007778327866807322
0.004274844993496953 -0.9732590747591325 0.002545641236691099
0.004102808703464993 -0.9743362540900491 -0.0001539701915453939
0.003896365155426636 -0.975628869287149 -0.0001621363720456515
0.00372142820804663 -0.9767055813473039 0.002648322996475994
0.003549391918014671 -0.9777827606782205 -4.7272290131e-05
0.003411762885989108 -0.9786445041429537 -4.91798209759e-05
0.00323682593860909 -0.9797212162031087 0.002784689006316565
0.003064789648577116 -0.9807983955340254 9.6400389092e-05
0.002993655114314398 -0.9812288903254014 0.005609084619728089
0.002787211566276054 -0.9825215055225012 0.0002387041571745296
0.002649582534250477 -0.9833832489872345 0.0002510838328182441
0.002580768018237696 -0.9838141207196011 0.0002577680155662065
0.002443138986212119 -0.9846758641843344 0.0002722640728818337
0.002305509954186542 -0.9855376076490677 0.0002884877084441406
0.00220054778575855 -0.9861836348851606 0.003121394767505947
0.002097326011739358 -0.9868299424837106 0.0004489898945991833
0.001992363843311366 -0.9874759697198034 0.003304579537530827
0.001852414285407354 -0.9883373393679274 0.003548784761603363
0.001818007027400971 -0.9885527752341107 0.0008714757525196681
0.001749192511388176 -0.9889836469664773 0.0009055658340175743
0.00168037799537538 -0.989414518698844 0.00094243153815321
0.001542748963349818 -0.9902762621635772 0.001025965952568209
0.001542748963349818 -0.9902762621635772 0.001025965952568209
0.001507761573873811 -0.9904916045756083 0.00380366149852529
0.001507761573873811 -0.9904916045756083 0.00380366149852529
0.001507761573873811 -0.9904916045756083 0.00380366149852529
0.001507761573873811 -0.9904916045756083 0.00380366149852529
0.001507761573873811 -0.9904916045756083 0.00380366149852529
0.001507761573873811 -0.9904916045756083 0.00380366149852529
0.001507761573873811 -0.9904916045756083 0.00380366149852529
0.001507761573873811 -0.9904916045756083 0.00380366149852529
0.001507761573873811 -0.9904916045756083 0.00380366149852529
0.001507761573873811 -0.9904916045756083 0.00380366149852529
0.001507761573873811 -0.9904916045756083 0.00380366149852529
0.001507761573873811 -0.9904916045756083 0.00380366149852529
0.001507761573873811 -0.9904916045756083 0.00380366149852529
0.001507761573873811 -0.9904916045756083 0.00380366149852529
0.001507761573873811 -0.9904916045756083 0.00380366149852529
0.001507761573873811 -0.9904916045756083 0.00380366149852529
0.001507761573873811 -0.9904916045756083 0.00380366149852529
0.001507761573873811 -0.9904916045756083 0.00380366149852529
0.001507761573873811 -0.9904916045756083 0.00380366149852529
0.001507761573873811 -0.9904916045756083 0.00380366149852529
0.001507761573873811 -0.9904916045756083 0.00380366149852529
0.001507761573873811 -0.9904916045756083 0.00380366149852529
0.001507761573873811 -0.9904916045756083 0.00380366149852529
0.001507761573873811 -0.9904916045756083 0.00380366149852529
0.001507761573873811 -0.9904916045756083 0.00380366149852529
0.001507761573873811 -0.9904916045756083 0.00380366149852529
0.001507761573873811 -0.9904916045756083 0.00380366149852529
0.001507761573873811 -0.9904916045756083 0.00380366149852529
0.001507761573873811 -0.9904916045756083 0.00380366149852529
0.001507761573873811 -0.9904916045756083 0.00380366149852529
0.001507761573873811 -0.9904916045756083 0.00380366149852529
0.001507761573873811 -0.9904916045756083 0.00380366149852529
0.001507761573873811 -0.9904916045756083 0.00380366149852529
0.001507761573873811 -0.9904916045756083 0.00380366149852529
0.001507761573873811 -0.9904916045756083 0.00380366149852529
0.001507761573873811 -0.9904916045756083 0.00380366149852529
0.001507761573873811 -0.9904916045756083 0.00380366149852529
0.001507761573873811 -0.9904916045756083 0.00380366149852529
0.001507761573873811 -0.9904916045756083 0.00380366149852529
0.001507761573873811 -0.9904916045756083 0.00380366149852529
0.001507761573873811 -0.9904916045756083 0.00380366149852529
0.001507761573873811 -0.9904916045756083 0.00380366149852529
0.001507761573873811 -0.9904916045756083 0.00380366149852529
0.001507761573873811 -0.9904916045756083 0.00380366149852529
0.001507761573873811 -0.9904916045756083 0.00380366149852529
0.001507761573873811 -0.9904916045756083 0.00380366149852529
0.001507761573873811 -0.9904916045756083 0.00380366149852529
0.001507761573873811 -0.9904916045756083 0.00380366149852529
0.001507761573873811 -0.9904916045756083 0.00380366149852529s