
0.0 0.0 1.570796326794897
0.0 0.0 1.570796326794897
0.0 0.0 1.570796326794897
0.0006544771034838256 5.28843932375e-06 1.563370579247621
6.409664716317768e-08 -5.28809404298e-06 1.55463593485422
-0.0004358631139140811 -2.40858188783e-05 1.52726592477449
0.0008708364513885207 5.34334196256e-05 1.512412204091428
0.0002178211804060217 9.39590790306e-06 1.503678916531069
0.001086611120131837 9.1539624023e-05 1.477613710081919
0.002387634730117947 0.0002357982548183055 1.462754737198171
0.00195422551602744 0.0001853766274333905 1.456934310558333
0.003896989630353529 0.0004699496677276129 1.429251024587531
0.005402219680005461 0.0007278442544618635 1.406517640258323
0.01113538729378843 0.00208010794355872 1.350321258880551
0.0117735991754941 0.002225207359907548 1.359042660307618
0.01536418895261301 0.003154209735950109 1.333027432765153
0.01935691308057066 0.004267978281415851 1.318199417300267
0.0216483743280522 0.004980984904199099 1.290887793194424
0.02227486913798978 0.005170385272985285 1.299601605495633
0.02558775910777545 0.006270138354163872 1.276024137113047
0.02824655171436624 0.007257369642353685 1.243711665395921
0.02886194004769956 0.00748022709852758 1.252417790499332
0.03231020031970713 0.00884583372517298 1.226306041268738
0.0349089314280813 0.009981791632672718 1.193950993456794
0.03571226018273659 0.01032268232103299 1.20554743694804
0.03888768784331743 0.01177228777214252 1.181874887484964
0.04260585980518742 0.01360464243126501 1.156083399214215
0.04491555474602497 0.01483720124344005 1.126156289291924
0.0454954494432832 0.01514066522263175 1.134838108117465
0.0485435125369106 0.01684184368732465 1.11107697632207
0.0511525560300532 0.01842986148692834 1.07610012331294
0.05190284187977973 0.01887552357098634 1.087659984951355
0.05485488854994471 0.02073834864292308 1.063831874140117
0.05811829813747189 0.02292270546833825 1.040351461003954
0.0602457095215258 0.02444848813575807 1.010295980952734
0.06078062713970082 0.02482562390486652 1.018946432550512
0.06392802926707419 0.02717405246995163 0.9953842957069506
0.06614038452848632 0.02894867579295424 0.9627576855543147
0.06665422043104817 0.02935406561992763 0.9713931388053568
0.06950942130558138 0.03172117531918289 0.9502537694065872
0.07277673406930149 0.0346131047859405 0.9215129719215943
0.07452584998143361 0.03625620144127416 0.8938176474424915
0.07484547571877544 0.03655322883966593 0.8995579354809037
0.07750030105064619 0.03914307107800806 0.8782710993324752
0.08009157301943005 0.04179650092370561 0.8569384584235537
0.08214166618860366 0.04406057390810246 0.8215565687378326
0.08258487767525775 0.04454216691539485 0.830140242317977
0.08502952456382178 0.04733126747874458 0.8086971253316528
0.08779804165828101 0.05070378906271648 0.7795832066350029
0.08926511018508188 0.05260296863045429 0.7516746514689654
0.08966939189549504 0.05311767684410593 0.7602288284913931
0.09187291488563867 0.05610094129670681 0.7332110601037815
0.09412014284543874 0.05932137967888321 0.7089728722706443
0.09554813278141222 0.0615156305050103 0.6783897850809991
0.09590955107478918 0.06206129071410341 0.6869099952195372
0.09786509221986006 0.06521267758216298 0.6596933698846787
0.09994540095418411 0.06879801465205464 0.632673651504658
0.1014209844194131 0.07147225508965754 0.6130026610015973
0.1031335290631253 0.0747620227418689 0.5909743298132208
0.1044407230628737 0.07752248508140366 0.554995385822727
0.1047256065448023 0.07811173006296847 0.5634521581525402
0.1062585389492202 0.08148893284126431 0.5412710204530615
0.1077652411482325 0.08511537812007294 0.5110272355945753
0.1086910582634413 0.08756420531168678 0.4800187053856315
0.1089274517031424 0.08817452194118441 0.4884331625479508
0.1101827937288081 0.09166443551616607 0.4660071846323448
0.1114696623937898 0.09560477755384912 0.4383023370907888
0.1122015760500893 0.09811837942067754 0.4071190361536265
0.1123896260546636 0.09874528088211677 0.4154899449204881
0.1133021530820486 0.1021145524971339 0.3900171066828759
0.1142667807699055 0.1061459070782473 0.3620117304851875
0.1147934225683501 0.1087103837034736 0.3306339836859631
0.1149302590525225 0.1093504180956545 0.338956377550802
0.1156175289935317 0.1129950086611952 0.3159991388873242
0.1162870995980629 0.1173066514968458 0.2850499190501712
0.1165849533262518 0.1196879234782555 0.2561052175110106
0.1166414400217098 0.120120584015632 0.2616191255173674
0.1170322967108419 0.1238087558406429 0.2383650673012538
0.1173516710995998 0.1281603749343222 0.207058918720888
0.1174563501145936 0.1305579185515818 0.1779142096078559
0.1174901814107936 0.1312115420594 0.1861324926682317
0.1175766688637493 0.1347011289564337 0.1598320810703411
0.1175437629729166 0.1390643280051843 0.1281497366966087
0.1174545841963119 0.1414624981906894 0.09879464556039763
0.1174355482924088 0.1421167197746636 0.1069555037403269
0.1172179048519457 0.1458191529874396 0.0776603077427247
0.1168446411739531 0.1501664812432032 0.05098412133746999
0.1165686063467774 0.1525503809615279 0.02141652807311512
0.1165207537560873 0.1529840813384368 0.02681702378316886
0.1159851174180892 0.156874370606617 -0.0001176097946786747
0.1152969722579613 0.1611830879302833 -0.02177652154960819
0.1150277333507772 0.1626863302697284 -0.04070378231671024
0.1147868825447324 0.1641943813330116 -0.0218894661502167
0.1141884500364457 0.1680755068668906 -0.01657981896945837
0.1135513187585575 0.1726124780831222 -0.003129848518692357
0.1133483574969711 0.1739056446279244 -0.01932058561018679
0.1130910213044846 0.1758522037210968 0.004931711487536905
0.112614900115153 0.1793102386261458 -0.0004570249385043024
0.1120197486284884 0.1836327822574572 -0.0004594449706736281
0.1117829604899709 0.1851414765597263 -0.01934916821814481
0.1115746574696383 0.1866543668306853 -0.0004962242087840352
0.1110390211316402 0.1905446560988655 -0.0004986092544045917
0.1104625690230748 0.1946495348183132 -0.003208295560850782
0.11022171821703 0.1961575858815964 -0.02210368334532609
0.1099836576223642 0.1978866033341209 -0.0005576081030069791
0.1094678846831214 0.2015593895567847 -0.003265978710171646
0.1088429756221236 0.2060980603696616 -0.0005758429605564608
0.1084263695814584 0.2091238409115795 -0.0005780462292870325
0.1078907332434603 0.2130141301797597 -0.0005809038999069482
0.1075758467381763 0.2149522118880386 -0.02488308851856624
0.1069909233520676 0.218614621613155 -0.02229401968633593
0.1067528627574018 0.2203436390656796 -0.0007484011713612126
0.1062965084832487 0.2240242804688464 0.01277887102128905
0.1057596211018921 0.2283544468255132 0.01285045881539881
0.1053114568619493 0.231816215969391 0.007497240631918478
0.1048055780982844 0.2354903780560057 -0.0005857893950296233
0.1044906915930004 0.2374284597642847 -0.02488979921583989
0.1042479749157096 0.2391568297514205 -0.003350121063744105
0.1037018623918055 0.2430456622224762 -0.003367340229238902
0.1030950706985787 0.2473665871903159 -0.003386681429321969
0.1028542198925339 0.2488746382535991 -0.02228534377928648
0.1026161592978681 0.2506036557061236 -0.0007397721191308992
0.1021201783796531 0.254279167002666 0.001963263738245624
0.1014952693186553 0.2588178378155429 -0.0007346171396900303
0.1010786632779901 0.2618436183574608 -0.0007376287172444762
0.100543026939992 0.265733907625641 -0.0007415372199590653
0.1002677688759408 0.2674573945551075 -0.02234142151125496
0.0996729832548488 0.2711182155596344 -0.02516102968891243
0.09940516508584975 0.2730633601937246 -0.0009228086153738602
0.09891147158853415 0.2769591943287219 0.00990383616372692
0.09836292325818349 0.2812878989231634 0.009963406366678251
0.09810624903271846 0.2830142513031395 -0.01161180553906394
0.09791017717774345 0.284528775303586 0.007257375035721214
0.09742409770304679 0.2882056091462449 0.004587526617440663
0.09678696642515863 0.2927425803624766 -0.003515117536054158
0.09636221223989987 0.2957672278399643 -0.003530222164067842
0.09581609971599574 0.29965606031102 -0.003549834201072466
0.09531022095233087 0.3033302223976346 -0.0008609420881107166
0.09499533444704684 0.3052683041059136 -0.02517190853443552
0.09472751627804779 0.3072134487400037 -0.0009338394231166447
0.09423153535983275 0.310888960036546 0.001768952674001678
0.09360662629883496 0.3154276308494229 -0.0009305865355591081
0.09319002025816976 0.3184534113913409 -0.0009347184781456352
0.09287513375288574 0.3203914930996198 -0.02524746076802731
0.09260731558388668 0.3223366377337099 -0.001009666934067344
0.09211133466567166 0.3260121490302522 0.001692922376056893
0.09148642560467386 0.3305508198431292 -0.001007270910321933
0.09124963746615639 0.3320595141453983 -0.0199061254460231
0.09104133444582378 0.3335724044163573 -0.001054649202314906
0.09054535352760876 0.3372479157128996 0.001647846387241803
0.08992044446661096 0.3417865865257765 -0.001052773608140267
0.08950383842594577 0.3448123670676945 -0.001057636220373581
0.08900785750773074 0.3484878783642367 0.001644999282315096
0.08844246359539941 0.3525942948139825 -0.001055060957055431
0.08816720553134827 0.3543177817434491 -0.02266286464887135
0.0875478748872332 0.3581956273347487 -0.02280024715316142
0.0870159348798672 0.3616455166981968 -0.01750777153469163
0.08672064682012108 0.3640271081943636 0.01216504425091869
0.0863284824333098 0.3674956675329341 0.02306410146098048
0.08576357316143425 0.3722619627279382 0.01781119142985932
0.08537142945148422 0.3752910107288314 0.007071644928520859
0.08484627318513889 0.3791827285722291 0.001695385485043666
0.08434039442147401 0.3828568906588438 -0.001003966407772339
0.08402550791619 0.3847949723671227 -0.02532447194811249
0.08342086437495685 0.3884541780938192 -0.0281862193423883
0.08314780811300479 0.390398594329347 -0.003958127034693781
0.08264362334306906 0.3942930846162096 0.006859291462539163
0.08212250242923594 0.398405353980929 0.009617915788899811
0.08170234845428949 0.4016507625533145 0.006962029474855136
0.08117719218794416 0.4055424803967123 0.001585520959205056
0.08086752686588662 0.407481403192362 -0.02272954209736966
0.08062946627122079 0.4092104206448866 -0.001185727992102814
0.08009382993322268 0.4131007099130668 -0.001193588929514933
0.07949867844655813 0.4174232535443781 -0.001202446456834982
0.07922342038250699 0.4191467404738447 -0.02281744588325618
0.07869860954036696 0.4223768766543096 -0.02565404699422746
0.07815737950946987 0.4258253207737819 -0.020389307397783
0.07759032657496107 0.4297111550273454 -0.009681277775236419
0.07731429174778544 0.4320950547456701 0.02002973689940624
0.07693734506345044 0.4357846741785402 0.03371491221650236
0.07644713957993633 0.4401203733517534 0.02311840440283719
0.07609058316520841 0.4429340313381404 0.009700042318770974
0.0755549468272103 0.4468243206063205 -0.001081146372170938
0.07499836207914586 0.450711668068913 -0.006513780639185729
0.07448258913990306 0.4543844542915767 -0.003846101592321682
0.07397671037623818 0.4580586163781913 -0.001160508321553344
0.07344107403824007 0.4619489056463716 -0.001168900527459327
0.07290543770024197 0.4658391949145517 -0.001177414993762893
0.07242931651091031 0.4692972298196008 -0.001185088220522656
0.0718936801729122 0.4731875190877811 -0.001193841030317833
0.07135804383491409 0.4770778083559613 -0.001202724094871099
0.07086206291669905 0.4807533196525036 0.001501234974688348
0.07033690665035372 0.4846450374959013 0.001512569262708263
0.06983102788668885 0.4883191995825159 -0.001189320567389407
0.06933504696847381 0.4919947108790583 0.001514968888512103
0.06880989070212849 0.495886428722456 0.001526661903859639
0.06830401193846361 0.4995605908090706 -0.001175314924308335
0.0677683756004655 0.5034508800772508 -0.001184524600249537
0.06723273926246739 0.5073411693454311 -0.001193879748635496
0.06675661807313575 0.5107992042504801 -0.001202320367192922
0.06622098173513764 0.5146894935186603 -0.001211959865836665
0.06566665012066202 0.5187974179089135 0.001494093725091572
0.06519984455057729 0.5222567226586005 0.001504910137145599
0.06467468828423195 0.5261484405019982 0.001517267335193528
0.06436502296217442 0.528087363297648 -0.02281708706611951
0.06377023734108239 0.531748184302175 -0.02571068441888236
0.0632290073101853 0.5351966284216473 -0.02047509397536884
0.06270334393701332 0.538868012136318 -0.007063897665391394
0.06218867155204039 0.5427611303226627 0.003741310012985943
0.06169497805472479 0.5466569644576601 0.009206475956396121
0.06118493504243606 0.5507706224964936 0.0120086815898317
0.06066381412860293 0.554882891861213 0.009401224970237321
0.06020632756418254 0.5583434413601861 0.004045843547406669
0.05967069122618442 0.5622337306283663 -0.001352894155369544
0.05915491828694164 0.56590651685103 -0.004080557774188032
0.05864903952327675 0.5695806789376446 -0.001398991730352295
0.05811340318527865 0.5734709682058248 -0.001411754128239684
0.05761742226706362 0.5771464795023671 0.001292793610146115
0.05711154350339873 0.5808206415889817 -0.001412894681982468
0.05657590716540063 0.5847109308571619 -0.001426132788404644
0.05604027082740252 0.588601220125342 -0.001439621309599293
0.05554428990918748 0.5922767314218843 0.001265088637016465
0.05501913364284215 0.596168449265282 0.001277278160346951
0.05449397737649681 0.6000601671086798 0.001289704868610242
0.05398809861283194 0.6037343291952944 -0.001416722093350975
0.0534921176946169 0.6074098404918368 0.001288637767904444
0.05296696142827156 0.6113015583352346 0.001301537557625521
0.05244180516192625 0.6151932761786322 0.001314698222984356
0.05191664889558092 0.61908499402203 0.001328127758440933
0.05141077013191604 0.6227591561086446 -0.001378581338277618
0.05087513379391793 0.6266494453768248 -0.001392948805517324
0.05039901260458628 0.6301074802818738 -0.001405973647798708
0.04986337626658817 0.6339977695500539 -0.00142092084346146
0.04932773992859005 0.6378880588182342 -0.001436189267385091
0.04883175901037502 0.6415635701147765 0.001270109748669368
0.04830660274402969 0.6454552879581743 0.001284048884503175
0.04778144647768436 0.649347005801572 0.001298297372261281
0.04725629021133903 0.6532387236449698 0.00131286562568933
0.04675041144767414 0.6569128857315845 -0.001395330947410622
0.04625443052945911 0.6605883970281268 0.001312132866139848
0.04574855176579423 0.6642625591147414 -0.001396395438990394
0.04521291542779611 0.6681528483829217 -0.001412768735164383
0.044677279089798 0.6720431376511018 -0.001429530553575864
0.04418129817158297 0.6757186489476441 0.001278201516649258
0.04365614190523764 0.6796103667910419 0.001293724883192793
0.0431309856388923 0.6835020846344397 0.001309629938088364
0.04266418006880757 0.6869613893841265 0.001324099700498405
0.04213902380246224 0.6908531072275244 0.001340765188980519
0.04125665393213684 0.6986573657393081 0.02347901262675101
0.04106057173873121 0.7003916454085933 0.02361450746217897
0.04057737309551029 0.7042887951295935 0.01300980677405339
0.03885123961931208 0.7143962710519295 -0.03394401263289537
0.03738129739302243 0.7241030792467359 -0.01562223090170645
0.03691503131222439 0.7277824781520111 0.008734808724186749
0.0364586770380713 0.7314631195551781 0.01158461751198203
0.03592178965671474 0.7357932859118449 0.01177418685985976
0.035417604886779 0.7396877761987075 0.006482845734661291
0.03489244862043368 0.7435794940421052 0.001112659048920106
0.03438656985676879 0.7472536561287199 -0.001603734620494901
0.033870796917526 0.7509264423513836 -0.004360546743951588
0.03338536356294455 0.7543831823256553 -0.004421953130476552
0.03283925103904042 0.758272014796711 -0.004493135851118213
0.03231409477269509 0.7621637326401087 0.0009083043709263716
0.03184728920261034 0.7656230373897956 0.0009217088839674759
0.03130402390736114 0.7697324399198262 0.003679602410726179
0.03080804298914611 0.7734079512163685 0.001002187768229801
0.03015869411640426 0.7779431899227265 -0.007222745080047499
0.02943412647786522 0.7829084225800576 -0.01014327309130225
0.02867805589852014 0.7880895349181422 -0.01039162982158226
0.02801058503597065 0.7928425523827658 -0.005119722031142526
0.02735294809961633 0.7978170922875397 0.003033317089058629
0.02670871200469845 0.8027933854318641 0.005871120987757328
0.02609248617477699 0.8075533180046961 0.006016219398883305
0.02551651042790879 0.8120984578288597 0.008920056275583121
0.02488746640183075 0.8168567133899478 0.003624990046854792
0.02433313478735513 0.8209646377802009 0.0009529528467044912
0.02376774087502379 0.8250710542299468 -0.001781323240677146
0.02317258938835923 0.8293935978612581 -0.001826466721575937
0.02263695305036112 0.8332838871294382 -0.001869097850509371
0.02208262143588549 0.8373918115196914 0.0008451334508650099
0.02155746516954016 0.8412835293630893 0.0008658536382795123
0.02103230890319482 0.8451752472064871 0.0008876153568597722
0.02054622942849816 0.848852081049146 0.003668093915019099
0.02005024851028312 0.8525275923456883 0.0009989737218216721
0.01958344294019839 0.8559868970953752 0.001022966504785838
0.01911663737011366 0.859446201845062 0.001048140138370179
0.01864983180002893 0.8629055065947489 0.001074583998676326
0.01824137692620477 0.865932398250725 0.001098841644856963
0.01777457135612004 0.8693917030004118 0.001127941223168394
0.01736611648229589 0.8724185946563879 0.001154697637113955
0.01695766160847176 0.8754454863123639 0.001182754296663147
0.0165492067346476 0.87847237796834 0.001212208341492937
0.01614075186082346 0.881499269624316 0.001243166834636433
0.0157539033944915 0.8843089229846683 -0.001485469994248589
0.01539681250249276 0.8869024491634552 -0.001519541514473977
0.0150175329767989 0.8897131342725758 0.001203779217419987
0.01466742879923535 0.8923076128348409 0.001232775293910082
0.01431732462167179 0.8949020913971061 0.001263202735858782
0.01396722044410825 0.8974965699593712 0.001295170212505248
0.01361711626654469 0.9000910485216363 0.001328797678913363
0.01332536278524173 0.9022531139901907 0.001358183960732395
0.01299802946757622 0.9046305129874119 -0.001368516505617645
0.01257785143754416 0.9080957903521472 0.01534855039539162
0.01231524016877412 0.9102615887051067 0.01571821488772196
0.01204096600359879 0.9124259410023274 0.01058637050185229
0.01177838787042612 0.9143717999240263 0.00256307340025308
0.0115000954963939 0.9163154736553225 -0.005645398051889128
0.01119088174746922 0.9184751111345405 -0.005795068415322513
0.01094351074832946 0.920202821117915 -0.005920642446044733
0.01067045448637739 0.9221472373534428 -0.003307871917016314
0.01043705170133503 0.9238768897282863 0.00212617043413621
0.01020364891629266 0.9256065421031298 0.002175589357906516
0.009970246131250284 0.9273361944779732 0.002227360249136057
0.00970242796225124 0.9292813391120632 -0.0004788687974928152
0.009464367367585404 0.9310103565645879 -0.0004908710096354074
0.009285821921586033 0.9323071196539813 -0.0005002750583917859
0.009047761326920221 0.9340361371065057 -0.0005133889856465679
0.008809700732254386 0.9357651545590303 -0.0005272089424308568
0.008631155286255014 0.9370619176484237 -0.0005380722479195743
0.008393094691589203 0.9387909351009481 -0.0005532727250459057
0.008214549245589831 0.9400876981903415 -0.0005652488854179794
0.008010321808677754 0.9416011440183296 0.002183296748758057
0.007835269719895977 0.9428983832994622 0.00223288195796556
0.007626966699563373 0.9444112735704212 -0.0004730618056443259
0.007448421253564002 0.9457080366598146 -0.0004843616346916768
0.007269875807564632 0.947004799749208 -0.0004962145024578479
0.007091330361565261 0.9483015628386015 -0.0005086620278136333
0.00691278491556589 0.9495983259279949 -0.0005217501131113966
0.006793754618232985 0.9504628346542571 -0.0005308562136903117
0.006615209172233614 0.9517595977436505 -0.0005451273690937342
0.006436663726234243 0.9530563608330439 -0.0005601870329994263
0.006317633428901338 0.9539208695593061 -0.0005706977462709428
0.006171756688249848 0.9550019022935833 0.002173692425729401
0.006022968816583711 0.9560825382014111 -0.0005325060370084955
0.005844423370584342 0.9573793012908045 -0.0005487091079898754
0.005725393073251425 0.9582438100170668 -0.0005600703048320721
0.005606362775918519 0.959108318743329 -0.000571911923302526
0.005460486035267042 0.9601893514776062 0.00217908820400381
0.005343784642745853 0.961054177665028 0.002227462068417951
0.005194996771079702 0.9621348135728559 -0.0004792458323323867
0.005075966473746796 0.9629993222991181 -0.0004904440087283302
0.004956936176413891 0.9638638310253803 -0.0005021780243383844
0.004837905879080961 0.9647283397516427 -0.0005144872822124835
0.004718875581748055 0.9655928484779049 -0.0005274151458265486
0.004599845284415149 0.9664573572041671 -0.0005410094494879836
0.004480814987082232 0.9673218659304295 -0.0005553230897645811
0.004393288942691344 0.9679704855709957 0.002181371082067951
0.004304016219691659 0.9686188671156925 -0.0005226184996116601
0.004184985922358741 0.9694833758419548 -0.0005374249079856952
0.004065955625025835 0.970347884568217 -0.0005530947448211254
0.00400644047635937 0.9707801389313482 -0.0005612773998351361
0.003887410179026465 0.9716446476576104 -0.0005783911968804123
0.00382789503036 0.9720769020207416 -0.000587345514190929
0.003708864733027094 0.9729414107470038 -0.0006061124783385274
0.003621338688636205 0.9735900303875701 0.002138545195974562
0.00353206596563652 0.9742384119322668 -0.0005688303543571749
0.003472550816970055 0.974670666295398 -0.0005785384239362923
0.003385024772579178 0.9753192859359642 0.002170434170185587
0.003295752049579481 0.975967667480661 -0.0005370858453623839
0.00323623690091304 0.976399921843792 -0.0005469237422921491
0.003117206603580123 0.9772644305700543 -0.0005677218669430939
0.00305769145491367 0.9776966849331854 -0.0005787256012788067
0.002998176306247205 0.9781289392963166 -0.0005901643211041474
0.002910650261856329 0.9787775589368828 0.002167507315145034
0.002852299565595728 0.9792099720305937 0.002212575829775965
0.002763026842596044 0.9798583535752904 -0.0004963131195396819
0.002703511693929591 0.9802906079384215 -0.0005071987143907553
0.002643996545263126 0.9807228623015527 -0.00051857252286025
0.002584481396596685 0.9811551166646837 -0.0005304681425803981
0.00252496624793022 0.9815873710278149 -0.0005429223263622163
0.002465451099263755 0.9820196253909461 -0.0005559753614881036
0.002405935950597315 0.9824518797540771 -0.0005696715050578227
0.00234642080193085 0.9828841341172083 -0.0005840594853085967
0.002286905653264385 0.9833163884803395 -0.0005991930808775248
0.002227390504597944 0.9837486428434705 -0.0006151317925087163
0.002198215156467644 0.983964849390326 0.002106291513864544
0.002139864460207043 0.9843972624840369 0.002164647887513915
0.002110106885873811 0.9846133896656025 -0.0005361892177397909
0.00205059173720737 0.9850456440287335 -0.0005516888947614262
0.001991076588540905 0.9854778983918647 -0.0005681113479980571
0.00193156143987444 0.9859101527549959 -0.0005855415122308916
0.001872046291207999 0.9863424071181269 -0.0006040750756621804
0.001872046291207999 0.9863424071181269 -0.0006040750756621804
0.001812531142541534 0.9867746614812581 -0.0006238202373769486
0.001753015993875082 0.9872069158443892 -0.00064489982112792
0.001723840645744794 0.9874231223912446 0.0020837150261801
0.001665489949484194 0.9878555354849555 0.002157885488123235
0.001635732375150961 0.9880716626665211 -0.0005452276284707569
0.001576217226484509 0.9885039170296522 -0.0005657298578007897
0.001576217226484509 0.9885039170296522 -0.0005657298578007897
0.001516702077818056 0.9889361713927833 -0.0005878342255465352
0.001487526729687756 0.9891523779396388 0.0021475295452138
0.001457769155354523 0.9893685051212044 -0.0005569778088323485
0.001398254006688071 0.9898007594843355 -0.0005805849862721146
0.001398254006688071 0.9898007594843355 -0.0005805849862721146
0.001338738858021618 0.9902330138474666 -0.0006062818879166709
0.001338738858021618 0.9902330138474666 -0.0006062818879166709
0.001338738858021618 0.9902330138474666 -0.0006062818879166709
0.001309563509891318 0.9904492203943221 0.002134361218429692
0.001309563509891318 0.9904492203943221 0.002134361218429692
0.001279805935558085 0.9906653475758878 -0.0005719928970322474
0.001308981283688385 0.9904491410290323 0.002073406680640932
0.001308981283688385 0.9904491410290323 0.002073406680640932
0.001308981283688385 0.9904491410290323 0.002073406680640932
0.001308981283688385 0.9904491410290323 0.002073406680640932
0.001308981283688385 0.9904491410290323 0.002073406680640932
0.001308981283688385 0.9904491410290323 0.002073406680640932
0.001279223709355153 0.9906652682105979 -0.0006343588394606137
0.001279223709355153 0.9906652682105979 -0.0006343588394606137
0.001279223709355153 0.9906652682105979 -0.0006343588394606137
0.001279223709355153 0.9906652682105979 -0.0006343588394606137
0.001279223709355153 0.9906652682105979 -0.0006343588394606137
0.001279223709355153 0.9906652682105979 -0.0006343588394606137
0.001279223709355153 0.9906652682105979 -0.0006343588394606137
0.001279223709355153 0.9906652682105979 -0.0006343588394606137
0.001279223709355153 0.9906652682105979 -0.0006343588394606137
0.001279223709355153 0.9906652682105979 -0.0006343588394606137
0.001279223709355153 0.9906652682105979 -0.0006343588394606137
0.001279223709355153 0.9906652682105979 -0.0006343588394606137
0.001279223709355153 0.9906652682105979 -0.0006343588394606137
0.001279223709355153 0.9906652682105979 -0.0006343588394606137
0.001279223709355153 0.9906652682105979 -0.0006343588394606137
0.001279223709355153 0.9906652682105979 -0.0006343588394606137
0.001279223709355153 0.9906652682105979 -0.0006343588394606137
0.001279223709355153 0.9906652682105979 -0.0006343588394606137
0.001279223709355153 0.9906652682105979 -0.0006343588394606137
0.001279223709355153 0.9906652682105979 -0.0006343588394606137
0.001279223709355153 0.9906652682105979 -0.0006343588394606137
0.001279223709355153 0.9906652682105979 -0.0006343588394606137
0.001279223709355153 0.9906652682105979 -0.0006343588394606137
0.001279223709355153 0.9906652682105979 -0.0006343588394606137
0.001279223709355153 0.9906652682105979 -0.0006343588394606137
0.001279223709355153 0.9906652682105979 -0.0006343588394606137
0.001279223709355153 0.9906652682105979 -0.0006343588394606137
0.001279223709355153 0.9906652682105979 -0.0006343588394606137
0.001279223709355153 0.9906652682105979 -0.0006343588394606137
0.001279223709355153 0.9906652682105979 -0.0006343588394606137
0.001279223709355153 0.9906652682105979 -0.0006343588394606137
0.001279223709355153 0.9906652682105979 -0.0006343588394606137
0.001279223709355153 0.9906652682105979 -0.0006343588394606137
0.001279223709355153 0.9906652682105979 -0.0006343588394606137
0.001279223709355153 0.9906652682105979 -0.0006343588394606137
0.001279223709355153 0.9906652682105979 -0.0006343588394606137
0.001279223709355153 0.9906652682105979 -0.0006343588394606137
0.001279223709355153 0.9906652682105979 -0.0006343588394606137
0.001279223709355153 0.9906652682105979 -0.0006343588394606137