
0.0 0.0 -1.570796326794897
0.0 0.0 -1.570796326794897
0.0 0.0 -1.570796326794897
-0.0002181653651616105 5.87610053011842e-07 -1.567884752221895
0.0002181527038276065 -2.93801616282e-06 -1.562934252117709
0.0002181527038276065 -2.93801616282e-06 -1.536000158722735
-0.0006535972950701193 3.7005555142e-05 -1.524354795007266
0.0004353190093487156 -2.75938102779e-05 -1.511976652320243
0.001521843791508145 -0.0001244219766099866 -1.48343585058206
0.0008704196349745633 -6.1059409904e-05 -1.47470406313866
0.00217104997878194 -0.0002088217023460902 -1.459844634558652
0.003899288968083434 -0.0004524693859493417 -1.4346400754278
0.003899288968083434 -0.0004524693859493417 -1.4346400754278
0.006264650474679328 -0.0008577323079603074 -1.407381484724096
0.008834920428536484 -0.001355330850462278 -1.388410943811741
0.009478472106955273 -0.001474534389752924 -1.397136675691002
0.01224740382418176 -0.002088391772684786 -1.364902588861866
0.01521825807317042 -0.002797569826655681 -1.351729481333701
0.01628259203720104 -0.003036536370449397 -1.366267494349837
0.01944403270789801 -0.003881816826889479 -1.329052947282219
0.02280122559871326 -0.004837825553485579 -1.316283226957033
0.02364304998570702 -0.005067771744863817 -1.327907808465562
0.0265570004650218 -0.005983086491313959 -1.293151567099649
0.02965440264812584 -0.007039166924083557 -1.272056138139999
0.03027556951746065 -0.007245370626804542 -1.280767694521423
0.03293436212405144 -0.008232601914994355 -1.24846184368258
0.03657761930256657 -0.009698185078073181 -1.225251247501335
0.03718678269625852 -0.009937534626559826 -1.233954817716439
0.03978856397438896 -0.01106648897550966 -1.201610229630902
0.04315411014318535 -0.01262484687661692 -1.18083551623606
0.04375023274044741 -0.01289504327853338 -1.189530426948361
0.04667384713542463 -0.0143653102726057 -1.152155266344638
0.04975785559470094 -0.01600042146594408 -1.133813150257088
0.05336098926747333 -0.01804975161771998 -1.107950183133701
0.05393250109752847 -0.0183687225798499 -1.116628489474791
0.05617612392161721 -0.01971781433671042 -1.08666451654376
0.05911809310855056 -0.02159651444439207 -1.062836602916115
0.06271774553331098 -0.02406250129707106 -1.03434189563493
0.06326066459838536 -0.02442802439532044 -1.043000305984096
0.06521079170043478 -0.02582665850712195 -1.015458672164222
0.06833911544948855 -0.0282004418581901 -0.9918913326638856
0.07156556019206821 -0.03080282166481404 -0.9657634517689498
0.07190665665636906 -0.03107492291326423 -0.9715210111199045
0.07373753113464705 -0.03262639696642554 -0.9438938366931726
0.07666404955557707 -0.03524493602640906 -0.9201805432133613
0.07966991780614052 -0.03809924546918128 -0.8938917798415668
0.08014815465001925 -0.03854607627354908 -0.9025042358487
0.08233448139391281 -0.04067888752865437 -0.8834038187036704
0.08507060401157616 -0.04349578118973089 -0.8595594309881422
0.08743439860706466 -0.04606427722862363 -0.8353207680689331
0.08928074795268723 -0.04821713529063374 -0.8024353445707071
0.09161074778195784 -0.05110269956090091 -0.7755239726003458
0.09411818641414038 -0.05440346884103585 -0.7488567204549117
0.0945182960123588 -0.05492142690496434 -0.7574101491528207
0.09657704499358445 -0.05774033616632247 -0.7329349495449362
0.09857458095785118 -0.06060294806159039 -0.7138004544208475
0.1001151619346458 -0.06298421117077872 -0.6806757518522667
0.1020366383472618 -0.06615648303144954 -0.6534408641543321
0.1040781999765719 -0.06976402408437918 -0.6264001435745206
0.1044051438323461 -0.07033101258668462 -0.6348950744017616
0.1055418265461646 -0.07244457013284906 -0.6067302391790219
0.107218829724196 -0.07575259684119291 -0.5846823143803772
0.1075194787392058 -0.07633395595254211 -0.5931557430910424
0.1089878746296675 -0.07950073827855432 -0.5520297436032693
0.1102127213102232 -0.08229871238316995 -0.5321543751308597
0.110571269702134 -0.08309431693326058 -0.5434161925076195
0.1117203203453818 -0.08592426235680144 -0.5073151893814571
0.1129459444400592 -0.08919267823762421 -0.4821386933562333
0.1142857595789445 -0.09311533317127027 -0.4544939641358481
0.1145023070003443 -0.09373297016891544 -0.4628939306230326
0.1152288790811955 -0.09602016629171954 -0.4343720402721676
0.1163165903575843 -0.09979351242690493 -0.4091523024181085
0.1165029511798494 -0.1004209181094579 -0.4175249194821877
0.1172616387540753 -0.1033795160283518 -0.3810694824110292
0.1180955534327578 -0.1069933736169849 -0.3582670047424508
0.1189075182010996 -0.1110582278025389 -0.3301312336524185
0.1190409049673842 -0.1116989900183063 -0.3384537655366779
0.1194601766435908 -0.1140619086276481 -0.3096421926490827
0.1199996802016876 -0.1177312840885466 -0.2811658763232781
0.120466079818931 -0.1216304799381722 -0.2553457635028957
0.1205490615589982 -0.1222796966026152 -0.2636183532439984
0.1207968966756981 -0.124885933295652 -0.2319767964908137
0.1210384686059791 -0.1285868822772976 -0.2031965146795143
0.1211858103404952 -0.1327294197542691 -0.174386491376828
0.1212143591627662 -0.133383295286249 -0.1826024398935113
0.1212479693995789 -0.1357828876359667 -0.1533939715113057
0.1211972012438957 -0.1397095502737637 -0.1270299661031815
0.1210208537315603 -0.1438509543701708 -0.0978686701108058
0.1210046394085413 -0.1442869853129899 -0.1033075280498312
0.1208228614951503 -0.1468986607781663 -0.07120212583892327
0.1204658527188139 -0.1508093898163791 -0.0498821050488496
0.1199826540755929 -0.1547065395373792 -0.01764196343883273
0.1199073718499996 -0.1553566940060132 -0.02574192307342393
0.1195223605118021 -0.1579462225759773 0.006599240321910171
0.118903029867687 -0.161824068167277 0.0174534615501365
0.1186649692730212 -0.1635530856198015 -0.00410227060290147
0.11838971120897 -0.165276572549268 0.01748111673512454
0.1177912787006833 -0.169157698083147 0.01215089461942465
0.1170770969166858 -0.1743447504407207 -0.004034736605842859
0.1168973530574527 -0.1758612989118583 -0.02293059151263388
0.1167223009686709 -0.1771585381929909 -0.006780798745684269
0.116216422205006 -0.1808327002796056 -0.004105711760331809
0.1155979947071566 -0.1851519752380417 0.001287898942607502
0.1154100841236818 -0.1866675334628751 -0.01759862057045702
0.1151580605972335 -0.1883945709089033 0.003957061359272318
0.1146126278681203 -0.1920630697163524 0.006680696761881322
0.1139510661111934 -0.1965965430121764 0.004009799953070159
0.1137590741955706 -0.1981115896202309 -0.01487205405185432
0.1133225533945759 -0.2017946359072796 -0.02305786072316995
0.1129286364914208 -0.2050433334367188 -0.02044744400412135
0.1124711499270004 -0.208503882935692 -0.009716045117641015
0.1120862886427644 -0.210872649468033 0.01997140497034366
0.1114147926099852 -0.214741803116399 0.03089724635941171
0.1106922401918509 -0.2192659563062485 0.01753146533191896
0.1104063110890882 -0.2214287997431068 -0.009428714130186533
0.1100211456764458 -0.2246785464669732 -0.02299143281250049
0.109644734548479 -0.2279293188101432 -0.02579261637331309
0.109371678286527 -0.2298737350456711 -0.001555849777030716
0.1087837013960111 -0.2337564583235936 0.009264558985559779
0.1080650629742695 -0.23850200899661 0.00932237261169333
0.1078649126023356 -0.2400159994024108 -0.009550455654575796
0.1076724069332368 -0.2413107636873928 0.006621291655969586
0.1071158221851724 -0.2451981111499853 0.00124083182836876
0.1065206706985078 -0.2495206547812966 -0.004169852547951214
0.1063199180969255 -0.2512544000309873 -0.02577647208531153
0.105918412893761 -0.2547218905303687 -0.02589598701763163
0.1054982348637289 -0.258187167895104 -0.02060470773971335
0.1050407482993085 -0.2616477173940771 -0.009877084022462235
0.1044841635512441 -0.2655350648566696 0.0009012991879704391
0.1040738048645457 -0.2678995476417821 0.03062786393498729
0.1034101084166684 -0.2715485046691146 0.03890316464000998
0.1026276285397785 -0.2762839473742512 0.02289203043130805
0.1023300527964462 -0.2784452191899069 -0.004054163257378951
0.1019623970201681 -0.2814773368840502 -0.02029969031467305
0.1015947429075326 -0.2847291112639602 -0.02850845401766766
0.1012913470609191 -0.28688957374788 -0.001579129291068959
0.100745914331806 -0.2905580725553291 0.006534747382956452
0.1001042287681434 -0.2948739535052693 0.006574782708446802
0.09990815691316839 -0.2963884775057158 -0.01230546862759208
0.09968356696588648 -0.2978990358381949 0.006562498855910759
0.09912698221782204 -0.3017863833007874 0.001182226950861232
0.09848985093993388 -0.306323354517019 -0.001521064105126424
0.09830602305179485 -0.3078394133640907 -0.02041943439338367
0.09790451784863032 -0.3113069038634721 -0.02593573635941326
0.09763146158667825 -0.313251320099 -0.001699850411614356
0.09710881546177527 -0.3167026296793755 0.009119679064510722
0.0964106442021074 -0.321230609468901 0.01189202902182651
0.0961819009198972 -0.3229608842183876 -0.00967988800377606
0.09576172288986513 -0.3264261615831229 -0.02055845901433417
0.09534154485983307 -0.3298914389478582 -0.02066447475692978
0.09486537035489376 -0.3335695686632284 -0.01265357992415161
0.09431925783098963 -0.3374584011342841 -0.001890974059044925
0.09395778896333185 -0.3396099093127212 0.02512501825149971
0.09331375831975194 -0.3432623885929326 0.03339086896049093
0.0926033939041995 -0.34778847149974 0.01463810187069003
0.09234605771171303 -0.3497350305929124 -0.009631289006298838
0.09199474065894406 -0.3527690847798711 -0.02591223352308281
0.09161191993342276 -0.3562386877951424 -0.03146704442481418
0.09120925439740533 -0.3594863125626425 -0.01809103935290346
0.09088260056934097 -0.3616433810503772 0.008872974157443814
0.09023195660755698 -0.3655160957715639 0.025186809366192
0.08950940418942273 -0.3700402489614135 0.01722974870722349
0.08910789898625819 -0.3735077394607949 -0.02600746107028828
0.08880565737267203 -0.3765470746657344 -0.04237237479934985
0.08851740402582761 -0.3793685483496939 -0.03985842662602157
0.08810656091900902 -0.3828349448551513 -0.02383064753845709
0.08756044839510489 -0.3867237773262071 -0.002297847145022569
0.08695156461034566 -0.3906032769606135 0.01395104189053953
0.08625181682082562 -0.3949101252012334 0.01947590246601871
0.08562204381025759 -0.3987862886177914 0.01960183588860853
0.08503406691974175 -0.4026690118957139 0.008885657086242782
0.08444656079678484 -0.4067723231062282 0.0008110008044859285
0.0840089305748304 -0.4100154213090597 -0.007309144746679541
0.08352285110013373 -0.4136922551517186 -0.01006519408686035
0.08306536453571334 -0.4171528046506918 -0.01012487029179421
0.0825693836174983 -0.4208283159472341 -0.00747857278410935
0.08202327109359417 -0.4247171484182898 -0.00210588985011384
0.08145621815908537 -0.4286029826718533 0.003303251659344975
0.08091078542997218 -0.4322714814793024 0.006035443534578633
0.08033326842267588 -0.4361557743342485 0.006077057930332419
0.07973471254736103 -0.4402574882685655 0.00340845563034109
0.07920904917418906 -0.4439288719832362 0.0007197677712684758
0.07869327623494626 -0.4476016582058999 -0.001986760221161843
0.07818739747128139 -0.4512758202925145 -0.004711486374717966
0.0776716245320386 -0.4549486065151782 -0.002031671772504851
0.07712551200813447 -0.4588374389862339 -0.002046267273705382
0.0765998486349625 -0.4625088227009045 0.0006515628412753216
0.07604326388689807 -0.466396170163497 0.0006563099744518741
0.07548667913883363 -0.4702835176260895 0.0006611267882803418
0.07493009439076918 -0.474170865088682 0.0006660148283119671
0.07443535239248969 -0.4776262850554308 0.0006704208332277695
0.07387876764442525 -0.4815136325180233 0.00067544779273776
0.0733221828963608 -0.4854009799806158 0.0006805507082163764
0.07280640995711801 -0.4890737662032795 -0.002027323879013387
0.07226029743321388 -0.4929625986743352 -0.002042868371995077
0.07173463406004191 -0.4966339823890059 0.0006552862399966664
0.07117804931197746 -0.5005213298515984 0.0006603866888736931
0.07064249931827471 -0.5041912844244083 0.00337863273209571
0.07009638679437058 -0.5080801168954641 -0.002024056941281493
0.0695707234211986 -0.5117515006101347 0.0006743860768458898
0.06901413867313416 -0.5156388480727272 0.000679799036481743
0.06845755392506972 -0.5195261955353196 0.0006852995934418793
0.06796281192679023 -0.5229816155020685 0.0006902642473367582
0.06740622717872578 -0.5268689629646609 0.0006959361717500112
0.06684964243066134 -0.5307563104272534 0.0007017020812116748
0.06633386949141856 -0.534429096649917 -0.002007414926437523
0.06578775696751443 -0.5383179291209728 -0.002024318896501454
0.06526209359434246 -0.5419893128356434 0.0006744543445367235
0.06470550884627801 -0.5458766602982359 0.0006802283109947904
0.06418973590703522 -0.5495494465208997 -0.002029590944871984
0.06364362338313109 -0.5534382789919554 -0.002047260278561058
0.06311796000995912 -0.5571096627066261 0.0006515058762917025
0.06256137526189468 -0.5609970101692185 0.0006572754664480041
0.06202582526819191 -0.5646669647420285 0.003378945540096767
0.06150016189501994 -0.5683383484566992 0.0006913674222914779
0.0609435771469555 -0.5722256959192916 0.0006976507660079179
0.0604278042077127 -0.5758984821419554 -0.002013037225964798
0.05988169168380857 -0.579787314613011 -0.002031661389073847
0.0593560283106366 -0.5834586983276817 0.0006675811346534832
0.05879944356257216 -0.5873460457902742 0.0006738705919782095
0.05824285881450773 -0.5912333932528666 0.0006802796856717475
0.05772708587526493 -0.5949061794755304 -0.002031376452522826
0.05720142250209297 -0.5985775631902009 0.0006680883744498711
0.05664483775402853 -0.6024649106527934 0.0006746219907005635
0.05608825300596409 -0.6063522581153858 0.0006812846609227652
0.05553166825789965 -0.6102396055779783 0.0006880802469264591
0.05501589531865686 -0.6139123918006421 -0.002024399974558166
0.05449023194548489 -0.6175837755153127 0.0006754328028550916
0.05397445900624211 -0.6212565617379765 -0.002037539793860343
0.05342834648233798 -0.6251453942090321 -0.002058671554767022
0.052902683109166 -0.6288167779237028 0.0006410165685561964
0.05234609836110156 -0.6327041253862953 0.0006478015196886844
0.05178951361303712 -0.6365914728488877 0.0006547316403591186
0.05125396361933435 -0.6402614274216977 0.003382314398531427
0.05072830024616239 -0.6439328111363684 0.0006960090161753918
0.05017171549809795 -0.6478201585989608 0.0007036923082854862
0.04959526338953248 -0.6519250373184085 -0.002013175242727705
0.04910983003495102 -0.6553817772926802 -0.002033362849376719
0.04856371751104688 -0.659270609763736 -0.002056563376930942
0.04803805413787492 -0.6629419934784067 0.0006437834057519964
0.04748146938981047 -0.6668293409409991 0.0006512955992459268
0.04694591939610773 -0.6704992955138089 0.003381976118742136
0.04639980687220358 -0.6743881279848647 -0.002028779815014703
0.04585369434829945 -0.6782769604559205 -0.002053295584417913
0.04532803097512748 -0.681948344170591 0.0006475034994626316
0.04477144622706305 -0.6858356916331835 0.0006555162066479436
0.04421486147899861 -0.6897230390957759 0.0006637297094276295
0.04372011948071911 -0.6931784590625247 0.0006712053403936658
0.04316353473265467 -0.6970658065251172 0.0006798192955130844
0.04260694998459023 -0.7009531539877096 0.000688657220375255
0.04209117704534744 -0.7046259402103734 -0.00202967274755661
0.04154506452144331 -0.708514772681429 -0.002056743606321021
0.04101940114827134 -0.7121861563960997 0.0006447878558781817
0.04046281640020689 -0.7160735038586922 0.0006536167194388653
0.03992726640650413 -0.7197434584315021 0.003390876661303555
0.03940160303333216 -0.7234148421461728 0.0007067264174449583
0.03884501828526772 -0.7273021896087652 0.0007168019371694978
0.03832924534602494 -0.7309749758314289 -0.002003584798004665
0.0377831328221208 -0.7348638083024847 -0.002032963510233632
0.03723702029821666 -0.7387526407735404 -0.00206321660686859
0.03675158694363521 -0.7422093807478121 -0.0020908742794854
0.03620547441973108 -0.7460982132188678 -0.002122889066092704
0.03563842148522226 -0.7499840474724313 0.003314682902985977
0.0351127581120503 -0.7536554311871019 0.0006305335158161007
0.03455617336398586 -0.7575427786496943 0.0006406438644157575
0.03399958861592142 -0.7614301261122868 0.0006510837272559744
0.03348381567667862 -0.7651029123349505 -0.002074249460823019
0.03295815230350665 -0.7687742960496212 0.0006289917337811701
0.03240156755544221 -0.7726616435122137 0.0006397480916793263
0.03184498280737779 -0.776548990974806 0.0006508787381518388
0.03127312460185228 -0.7808746778485225 -0.0103223022047938
0.03055894281785481 -0.786061730206096 -0.005055061768719504
0.02994626050711859 -0.7906020676900601 -0.007916293390770379
0.02927878964456909 -0.7953550851546838 -0.002588201871575269
0.02858572494683611 -0.8001044381312613 0.002865137065865886
0.02789266024910311 -0.8048537911078389 0.002934896545183197
0.02719959555137012 -0.8096031440844165 0.003008137751117523
0.02655024667862828 -0.8141383827907743 0.0003224085033364243
0.0259318191807789 -0.8184576577492104 0.0003300796431435771
0.02531339168292953 -0.8227769327076464 0.0003381247225611173
0.02469496418508014 -0.8270962076660825 0.0003465717669084434
0.0240964083097653 -0.8311979216003994 0.003113882561498249
0.02352935537525649 -0.8350837558539629 0.003187286964243308
0.02294184925229958 -0.8391870670644772 0.0005064803437770937
0.02238526450423513 -0.8430744145270697 0.000519027762590385
0.02186949156499235 -0.8467472007497333 -0.002226475344163203
0.02132337904108821 -0.8506360332207891 -0.002284424944850594
0.02081933198819149 -0.8540901081128455 0.003175869186695435
0.02031528493529478 -0.8575441830049019 0.003252909359442668
0.01981123788239806 -0.8609982578969583 0.003333780118648377
0.01930719082950133 -0.8644523327890148 0.003418774443194827
0.01884337020611431 -0.8676917890078418 0.0007431269465998369
0.01841047095761973 -0.8707152814787472 0.0007605078292893808
0.01795537718769963 -0.8739559752046269 -0.001982584005018495
0.01753062300244086 -0.8769806226821146 -0.00203131527770184
0.0171058688171821 -0.8800052701596024 -0.002082502511448814
0.01670389094357999 -0.8828127988825859 0.0006255440207094676
0.01633283444487037 -0.8854043638576475 0.0006396919068933915
0.01592329621439178 -0.8882107997074434 0.003416818876922578
0.01554526092471925 -0.8908013558764857 0.003497917942696827
0.01514328305111716 -0.8936088845994691 0.0008257410813967692
0.01477222655240754 -0.8962004495745307 0.0008463598602690414
0.01440117005369791 -0.8987920145495923 0.0008680347120733067
0.01406743462242316 -0.9011685232819041 -0.001869256092768223
0.01372729949860601 -0.903544124509044 0.0008444536717151507
0.01341808574968131 -0.9057037619882621 0.0008637963145610161
0.01310887200075662 -0.9078633994674802 0.0008840458359256065
0.01279965825183193 -0.9100230369466982 0.0009052675452170256
0.01249044450290725 -0.9121826744259162 0.0009275331771390061
0.01218123075398255 -0.9143423119051343 0.0009509217017946714
0.01187201700505786 -0.9165019493843524 0.0009755202605068458
0.01156280325613318 -0.9186615868635704 0.00100142525076774
0.01131543225699342 -0.9203892968469448 0.001023161331485944
0.01104237599504136 -0.9223337130824726 -0.001712053408861713
0.01076408362100913 -0.9242773868137689 0.001006549321135752
0.0105167126218694 -0.9260050967971433 0.001030054731561814
0.01026934162272963 -0.9277328067805177 0.001054684210014534
0.01002197062358988 -0.9294605167638922 0.001080520363894388
0.009623015618065386 -0.9320479337864782 0.01230634127843722
0.009357045614382394 -0.9337728784682022 0.01262746136768356
0.009136525028740074 -0.9352840362334769 0.004653484648023509
0.008928222008407483 -0.9367969265044358 -0.003508728942418271
0.008723994571495405 -0.9383103723324239 -0.006354162255060691
0.008515691551162802 -0.9398232626033829 -0.003752738701553682
0.008303314458533424 -0.9413355863421268 -0.001086633874766152
0.008148707584071083 -0.9424154050817358 0.001636912514890509
0.007928186998428764 -0.9439265628470105 0.004447096593061639
0.007711737374181488 -0.9454383090824631 0.001802289276645608
0.007560039450874786 -0.946518540324423 -0.0009091168100909819
0.007378001942906741 -0.9478148178147748 -0.0009316962616603419
0.007195964434938695 -0.9491110953051267 -0.0009554258767805468
0.00701392692697065 -0.9504073727954786 -0.0009803958336147556
0.006892568588325283 -0.9512715577890466 -0.0009977804257805811
0.006710531080357238 -0.9525678352793985 -0.001025044904168437
0.006555924205894897 -0.9536476540190075 0.001707239880551992
0.006404226282588197 -0.9547278852609674 -0.001009696950415861
0.006249619408125857 -0.9558077040005765 0.001724863218438122
0.006097921484819143 -0.9568879352425365 -0.0009928109581964772
0.005943314610356801 -0.9579677539821455 0.001744297995627475
0.005819629110786921 -0.9588316089738328 0.001780908646668244
0.005667931187480222 -0.9599118402157927 -0.0009370860436397344
0.005546572848834854 -0.9607760252093607 -0.0009577291909752539
0.005425214510189498 -0.9616402102029286 -0.0009793023240152188
0.00530385617154413 -0.9625043951964966 -0.001001869735541172
0.00514924929708179 -0.9635842139361056 0.001741710373775351
0.005025563797511922 -0.9644480689277928 0.001784041868184039
0.00490187829794203 -0.9653119239194801 0.001828482313626534
0.00481085954395802 -0.9659600626646559 -0.0008813936555467361
0.004689501205312652 -0.9668242476582239 -0.0009043498803027461
0.004568142866667296 -0.9676884326517918 -0.0009285338896012352
0.004446784528021929 -0.9685526176453598 -0.0009540468896005461
0.004325426189376561 -0.9694168026389278 -0.0009810015239331005
0.004264747020053883 -0.9698488951357117 -0.0009950581858619856
0.004143388681408515 -0.9707130801292797 -0.001024415662023825
0.004050624556731108 -0.9713609713730451 0.00170675992198821
0.003959605802747086 -0.9720091101182211 -0.001009492372217702
0.003866841678069678 -0.9726570013619865 0.001723827081389739
0.003775822924085669 -0.9733051401071624 -0.000993119964593836
0.003683058799408249 -0.9739530313509279 0.001742592771561968
0.003592040045424239 -0.9746011700961038 -0.0009750765944263051
0.003499275920746819 -0.9752490613398693 0.001763323828008367
0.003408257166762809 -0.9758972000850452 -0.0009550926991646058
0.00334757799744012 -0.9763292925818292 -0.0009725248680452214
0.003254813872762725 -0.9769771838255945 0.001769324511337489
0.003163795118778703 -0.9776253225707705 -0.0009508496765866514
0.003103115949456013 -0.9780574150675545 -0.0009695712089845543
0.003042436780133335 -0.9784895075643384 -0.0009890447745954933
0.002981757610810657 -0.9789216000611223 -0.001009316615268485
0.00288899348613325 -0.9795694913048877 0.001737511766479072
0.002827150736348304 -0.9800014188007313 0.001775047843274979
0.002765307986563369 -0.9804333462965749 0.001814241538500294
0.002674289232579347 -0.9810814850417509 -0.0009092837824147271
0.002613610063256669 -0.9815135775385347 -0.0009305341424876712
0.002552930893933979 -0.9819456700353187 -0.0009528015311000004
0.002492251724611302 -0.9823777625321026 -0.0009761607496983071
0.002431572555288624 -0.9828098550288865 -0.001000694119511536
0.002400651180396163 -0.9830258187768083 0.001714257003506692
0.002338808430611217 -0.9834577462726519 0.001759028394463513
0.002276965680826271 -0.9838896737684956 0.001806201094246784
0.002246626096164938 -0.9841057200168875 -0.000899266275212085
0.00218594692684226 -0.9845378125136713 -0.0009243930919087262
0.002125267757519571 -0.9849699050104553 -0.0009509644303471454
0.002064588588196893 -0.9854019975072392 -0.0009791085437769187
0.002003909418874215 -0.9858340900040231 -0.001008969331273146
0.001972988043981742 -0.986050053751945 0.001710523719198553
0.001911145294196796 -0.9864819812477886 0.001765192044282715
0.001880805709535463 -0.9866980274961805 -0.0009432910883340195
0.001820126540212786 -0.9871301199929644 -0.0009749567248880098
0.001790368965879565 -0.9873462471745299 -0.003730989307805688
0.00176002938121822 -0.9875622934229219 -0.001055600321421268
0.001729108006325747 -0.9877782571708438 0.001666756700863248
0.001667265256540813 -0.9882101846666873 0.001727834395433447
0.001605422506755866 -0.988642112162531 0.001793558698398368
0.001575082922094534 -0.9888581584109228 -0.0009172969673940656
0.001575082922094534 -0.9888581584109228 -0.0009172969673940656
0.001514403752771843 -0.9892902509077068 -0.0009543009887189591
0.001483482377879383 -0.9895062146556286 0.001774908494482474
0.001453142793218038 -0.9897222609040206 -0.0009378059091871283
0.00139246362389536 -0.9901543534008045 -0.0009789573898353332
0.001361542249002887 -0.9903703171487264 0.001752911331099893
0.001361542249002887 -0.9903703171487264 0.001752911331099893
0.001361542249002887 -0.9903703171487264 0.001752911331099893
0.001361542249002887 -0.9903703171487264 0.001752911331099893
0.001361542249002887 -0.9903703171487264 0.001752911331099893
0.001361542249002887 -0.9903703171487264 0.001752911331099893
0.001361542249002887 -0.9903703171487264 0.001752911331099893
0.001361542249002887 -0.9903703171487264 0.001752911331099893
0.001361542249002887 -0.9903703171487264 0.001752911331099893
0.001361542249002887 -0.9903703171487264 0.001752911331099893
0.001361542249002887 -0.9903703171487264 0.001752911331099893
0.001361542249002887 -0.9903703171487264 0.001752911331099893
0.001361542249002887 -0.9903703171487264 0.001752911331099893
0.001361542249002887 -0.9903703171487264 0.001752911331099893
0.001361542249002887 -0.9903703171487264 0.001752911331099893
0.001361542249002887 -0.9903703171487264 0.001752911331099893
0.001361542249002887 -0.9903703171487264 0.001752911331099893
0.001361542249002887 -0.9903703171487264 0.001752911331099893
0.001361542249002887 -0.9903703171487264 0.001752911331099893
0.001361542249002887 -0.9903703171487264 0.001752911331099893
0.001361542249002887 -0.9903703171487264 0.001752911331099893
0.001361542249002887 -0.9903703171487264 0.001752911331099893
0.001361542249002887 -0.9903703171487264 0.001752911331099893
0.001331202664341542 -0.9905863633971184 -0.000962079836828611
0.001331202664341542 -0.9905863633971184 -0.000962079836828611
0.001331202664341542 -0.9905863633971184 -0.000962079836828611
0.001331202664341542 -0.9905863633971184 -0.000962079836828611
0.001331202664341542 -0.9905863633971184 -0.000962079836828611
0.001331202664341542 -0.9905863633971184 -0.000962079836828611
0.001331202664341542 -0.9905863633971184 -0.000962079836828611
0.001331202664341542 -0.9905863633971184 -0.000962079836828611
0.001331202664341542 -0.9905863633971184 -0.000962079836828611
0.001331202664341542 -0.9905863633971184 -0.000962079836828611
0.001331202664341542 -0.9905863633971184 -0.000962079836828611
0.001331202664341542 -0.9905863633971184 -0.000962079836828611
0.001331202664341542 -0.9905863633971184 -0.000962079836828611
0.001331202664341542 -0.9905863633971184 -0.000962079836828611
0.001331202664341542 -0.9905863633971184 -0.000962079836828611
0.001331202664341542 -0.9905863633971184 -0.000962079836828611
0.001331202664341542 -0.9905863633971184 -0.000962079836828611
0.001331202664341542 -0.9905863633971184 -0.000962079836828611
0.001331202664341542 -0.9905863633971184 -0.000962079836828611
0.001331202664341542 -0.9905863633971184 -0.000962079836828611
0.001331202664341542 -0.9905863633971184 -0.000962079836828611
0.001331202664341542 -0.9905863633971184 -0.000962079836828611
0.001331202664341542 -0.9905863633971184 -0.000962079836828611
0.001331202664341542 -0.9905863633971184 -0.000962079836828611
0.001331202664341542 -0.9905863633971184 -0.000962079836828611
0.001331202664341542 -0.9905863633971184 -0.000962079836828611
0.001331202664341542 -0.9905863633971184 -0.000962079836828611