
0.0 0.0 0.0
0.0 0.0 0.0
0.002617841942534554 2.82047710123e-05 -0.01080191615842433
0.01112480984358053 -0.0001322034636841095 0.01898755612351705
0.01134294751252608 -0.0001357289748063517 0.01629774224114617
0.01199725369626732 -0.0001515929116770511 0.02439411774890993
0.01592388841646483 -0.0002044762818563255 0.01367483172194477
0.01854141700140205 -0.0001551199019497376 -0.01869581499784634
0.01985040919237172 -0.0001515942416316665 -0.002538744947608031
0.02312285405968635 -0.000133966003983123 -0.005249681676967463
0.02508548776396027 -7.58010486959e-05 -0.02954975125206801
0.02704895468434904 -6.52241061068e-05 -0.005319781281457637
0.03075776589209642 -5.52347352056e-05 -0.002636421794792851
0.03250258238207306 -1.29309035504e-05 -0.02422731874481639
0.03446607779056668 -1.29309035504e-05 1.33924901572e-05
0.03839306860755392 -1.29309035504e-05 1.34471821359e-05
0.04013799271008652 2.46732753116e-05 -0.02157297973932519
0.04188332196208085 2.46732753116e-05 -2.57518482578e-05
0.04581031277906809 2.46732753116e-05 -2.58578306143e-05
0.04995545471713869 1.35086843043e-05 0.002679190338535285
0.0517004737737635 4.64129375754e-05 -0.01890280870741772
0.05344579669505638 4.17120571513e-05 0.002649342072162262
0.05715462135554433 4.17120571513e-05 -4.42406125849e-05
0.05911753990676805 8.93038677634e-05 -0.02433559906482491
0.06108103531526167 8.93038677634e-05 -9.5113498452e-05
0.06500802613224892 8.93038677634e-05 -9.55129776381e-05
0.06675295023478152 0.0001269080466253306 -0.02168326019364579
0.06849827948677585 0.0001269080466253306 -0.0001362402699269427
0.0724252703037631 0.0001269080466253306 -0.000136817058260126
0.07678859343374891 0.0001269080466253306 -0.0001374636891651758
0.07853351753628152 0.0001645122254872674 -0.0217258077683152
0.08006067509241278 0.0001686254958583503 -0.002876710008796202
0.08398765166532178 0.0001792024768125634 -0.002889042591442289
0.08791462823823076 0.0001686254958583503 0.002508530270982769
0.08965964729485558 0.0002015297491294089 -0.01907524383700864
0.09140497021614846 0.0001968288687053141 0.002476779422786189
0.09533194678905745 0.0001862518877511008 0.002487530636852283
0.09947710376254398 0.0001862518877511008 -0.000206826373736325
0.1029677622665326 0.0001862518877511008 -0.0002076312057025057
0.1049306808177564 0.0002338436983631993 -0.02450194168997651
0.10689417622625 0.0002338436983631993 -0.0002618320100425663
0.1106029874339974 0.000243833069264401 -0.002967564817546625
0.1149662947372296 0.0002555852703246377 -0.002982195248666481
0.1164931033269456 0.0002884889268288319 -0.02187380178403305
0.1199829515320108 0.0003636972845527051 -0.02196055905459408
0.1219464398184653 0.0003584087940755986 0.002285223790889151
0.1258730745386628 0.0003055254238963241 0.01311752604716094
0.1302360020055489 0.0002467661236971304 0.01318333051971358
0.1335084468728635 0.000229137886048587 0.005122375384792533
0.1356896020010293 0.0002761431096260078 -0.02186677000478925
0.1393973370422296 0.000366038751893305 -0.0246660124277626
0.1426690697344783 0.0004365465872594364 -0.0220564672974198
0.1450688191139189 0.0004171556430723533 0.007592287445856034
0.1487767828318007 0.0003372467629907379 0.02115108398886658
0.1537937126195971 0.0002426470348364448 0.01856711847823186
0.1566297080573428 0.000212091866239785 0.01052215605280862
0.1588110847467984 0.0002473469774622071 -0.0164545005326364
0.1623004771862736 0.000341353332577109 -0.02734158236254212
0.164263965472728 0.0003466418230542155 -0.003108183608949353
0.1679727363223513 0.0003266631537191997 0.004994207581744216
0.1723359961454375 0.0003031588368544752 0.005020536199770043
0.1756084766228616 0.0002943446860592977 0.002336364579568605
0.1775715162382108 0.0003366493872789764 -0.02195661045169788
0.1793168454902051 0.0003366493872789764 -0.0004102062611453133
0.1832438363071924 0.0003366493872789764 -0.0004121785462778705
0.1876071594371782 0.0003366493872789764 -0.0004143923373030011
0.1891340511117249 0.0003654406088911525 -0.01930454478243104
0.1906612142072199 0.0003654406088911525 -0.0004515298049109883
0.1945882050242072 0.0003654406088911525 -0.0004537313534427717
0.198951528154193 0.0003654406088911525 -0.0004562028346388722
0.2022240086316172 0.0003566264580959745 0.002246383560081505
0.2041870482469663 0.0003989311593156535 -0.02204856226730812
0.2059323774989607 0.0003989311593156535 -0.0005023893613700112
0.2098593683159479 0.0003989311593156535 -0.0005048862309082921
0.2144408409843417 0.0004112709704289027 -0.00321694843662768
0.2159676495740577 0.0004441746269330972 -0.02211380054769066
0.217494807130189 0.0004482878973041802 -0.003266297356530746
0.221203631790677 0.0004482878973041802 -0.0005756162536092763
0.2257851044590708 0.000435948086190931 0.002130325313825412
0.2288394195713333 0.0004277215454487649 0.002138762859317454
0.2308024591866825 0.0004700262466684439 -0.02215833515653888
0.2347285384173808 0.000554635649107801 -0.02227203132829216
0.2364738676693751 0.000554635649107801 -0.0007264133185052485
0.240400630583177 0.0005123284925893491 0.01009916547777394
0.2447637004874012 0.0004653205409021807 0.01015751167345582
0.2465089284490909 0.0004841237215770486 -0.01141614484512249
0.2480360416905532 0.0004717840298216323 0.007452825650725744
0.2519630182634622 0.0004612070488674198 0.002076852936957655
0.2561081752369487 0.0004612070488674198 -0.0006199920128438711
0.2578530993394814 0.0004988112277293566 -0.02221939387752777
0.2595984285914757 0.0004988112277293566 -0.000673703529983336
0.263307239799223 0.0005088005986305572 -0.003384064311580684
0.2678887290857082 0.0005088005986305572 -0.0006949770300345484
0.2694156207602549 0.0005375918202427341 -0.01958970334193995
0.2729052537402081 0.0006221994835531311 -0.02509641755496766
0.2748687491487017 0.0006221994835531311 -0.0008580506358322826
0.2785774527351101 0.0005922316607185476 0.007259306174662535
0.2831586761345456 0.0005428733114470204 0.01001632442193248
0.2849039040962353 0.0005616764921218876 -0.01155909315873054
0.2881758148274068 0.0006233719670051226 -0.01972960382514896
0.2899211377486997 0.0006186710865810277 0.001822138607578396
0.2938480003696027 0.0005869404506385276 0.00724904674904789
0.2984294231838432 0.0005622609179305668 0.004585387125089642
0.2999564477972533 0.0005828266730002846 -0.01429960423837703
0.3036644115151351 0.0006627355530818997 -0.02249902178152433
0.3054097407671295 0.0006627355530818997 -0.0009541385632156956
0.3091184443535378 0.0006327677302473163 0.007164343742606437
0.31348162504343 0.0005975114680889828 0.007209877946284431
0.3167540699107446 0.0005798832304404395 0.004538100720103421
0.3187172163494476 0.0006169005153703811 -0.01975936359479957
0.322643053451895 0.0007120841365945786 -0.02529195233861766
0.3243883763731878 0.0007167850170186735 -0.003754351340811201
0.3283152389940908 0.0006850543810761734 0.00706032376680441
0.3328964623935263 0.0006356960318046451 0.009820718053034909
0.3344235756349885 0.0006480357235600619 -0.009053873561004001
0.3379136137482381 0.0007138442301021795 -0.01993203881173246
0.339658936669531 0.0007091433496780851 0.00161950508539843
0.343585799290434 0.000677412713735586 0.007048238654883925
0.3477308961223659 0.0006550836127140977 0.004382504066252648
0.3494759974739303 0.0006832877016920353 -0.017210820739526
0.3529658456789955 0.0007584960594159083 -0.02271954005453569
0.35492933396545 0.0007532075689388014 0.001525774123237787
0.3588561965863529 0.0007214769329963013 0.006954931907664161
0.3632193772762451 0.0006862206708379678 0.007002587806601488
0.3649645482629996 0.0007097243909176454 -0.01458466004250635
0.3686725119808814 0.0007896332709992607 -0.02279802472167899
0.3719444227120529 0.0008513287458824952 -0.0202093636082707
0.3756530321306435 0.0008912855048165896 -0.01220118477190674
0.3791436906346322 0.0008912855048165896 -0.00143557354430791
0.383070453548434 0.0008489783482981377 0.009397503215501216
0.3872152346419758 0.0007931570131089038 0.01217269896723534
0.3911418693621734 0.0007402736429296291 0.01225120799729454
0.3950687319830763 0.0007085430069871302 0.006908950023067908
0.3968132952757642 0.0006568408245096045 0.02853855206673479
0.400521258993646 0.0005769319444279888 0.02058488568222858
0.4053208447990408 0.0005510771958767932 0.004460139084941049
0.4081569945461417 0.0005587161265659466 -0.003637436649854435
0.4101197777933465 0.0006115947013180792 -0.02797090469859776
0.411865081722581 0.0006209964280639693 -0.00644269238754167
0.4157920155633585 0.0006421503132422226 -0.006485999230672302
0.420591671006343 0.0006421503132422226 -0.001108285846425965
0.4219004970200163 0.0006633033799756745 -0.01730784171276857
0.4253903452250815 0.0007385117376995469 -0.02283251474793421
0.4290985107204092 0.0008084332759005469 -0.02026992883176239
0.4328072815700325 0.0008284119452355637 -0.00684736520800115
0.4365160927777798 0.000818422574334363 0.001240977445096915
0.4406610091867928 0.0007737650202315533 0.009390282113026007
0.4445874872278128 0.0007103058200311956 0.01488157697600774
0.4465493803944904 0.0006309999456011608 0.03926102090234326
0.4502562680277984 0.000511148219406861 0.03139111871320666
0.4546193379320227 0.0004641402677196925 0.009922598463603577
0.4565826552921214 0.0004905819528093305 -0.01436981843326772
0.4600717818774973 0.000593986317764382 -0.03072762319159977
0.4633430872895052 0.0006821172756846017 -0.02820514179143419
0.4670512527848329 0.0007520388138856007 -0.0202649547517148
0.4703236976521476 0.0007696670515341451 -0.006839907115109393
0.4744687193075452 0.0007361736024837283 0.006679411077614066
0.4786133350175107 0.000669188891161127 0.01487697763477387
0.4825398130585307 0.0006057296909607671 0.01498987435828263
0.486902882962755 0.0005587217392735982 0.009684717736562397
0.4906116941705023 0.0005487323683723975 0.001616171896400233
0.4943205188309902 0.0005487323683723975 -0.001085138261338601
0.4978111266894591 0.000567535821864178 -0.006516942443999557
0.5017380605302367 0.0005886897070424313 -0.006568304533101877
0.5054468717379841 0.000598679077943632 -0.003903954276517342
0.5093738483108931 0.0006092560588978446 -0.00393520157505775
0.513300824883802 0.00059867907794363 0.001463329638114131
0.5170095957334253 0.000578700408608613 0.004188657956605528
0.5209365295742029 0.0005575465234303621 0.004222993202582297
0.5246453407819502 0.0005475571525291594 0.001541518010076958
0.5285723173548592 0.0005369801715749469 0.001554358835866453
0.5322811420153472 0.0005369801715749469 -0.001148082713531398
0.5362081328323344 0.0005369801715749469 -0.001157803682310982
0.5399169440400817 0.0005469695424761475 -0.003882258347740508
0.5436257687005697 0.0005469695424761475 -0.001198510439611702
0.547334579908317 0.0005369801715749447 0.001507147045410044
0.551261556481226 0.0005264031906207322 0.00152033634617013
0.555188533054135 0.0005158262096665197 0.001533758528374393
0.5588973577146229 0.0005158262096665197 -0.001169401234740568
0.5628243485316101 0.0005158262096665197 -0.001179905533531269
0.5663150070355988 0.0005158262096665197 -0.001189402388350955
0.5722037626892699 0.0003730507778302269 0.02336865515308321
0.5761295997917173 0.00027786715660603 0.0235851367073589
0.5785293926944147 0.0002907945308816293 -0.006076770670186031
0.5842017127633963 0.0002907945308816293 -0.0006993643129317213
0.5874741932408204 0.0002819803800864504 0.00200986340964517
0.5892192122974452 0.0003148846333575093 -0.01962041673698515
0.5931450493998927 0.0004100682545817063 -0.02524858162467175
0.5966350875131423 0.0004758767611238233 -0.0200336321970685
0.6001256320650561 0.0005040817708504902 -0.009340827707438647
0.6040526086379651 0.0004935047898962777 0.001447020184999454
0.607979471258868 0.0004617741539537777 0.006902294960083286
0.6119061059790655 0.0004088907837745041 0.01241345982385085
0.6160510223880785 0.0003642332296716939 0.009824987559063456
0.6197597259744869 0.0003342654068371102 0.007201138286119441
0.6236867025473959 0.0003236884258828977 0.00183325279375462
0.6273955272078838 0.0003236884258828977 -0.0008687183544287035
0.6308861350663527 0.0003424918793746762 -0.00631469436620664
0.6348130689071303 0.0003636457645529292 -0.006382598137121991
0.6385218801148776 0.0003736351354541298 -0.003727040372296122
0.6422307047753656 0.0003736351354541298 -0.001044346187906803
0.6461576955923528 0.0003736351354541298 -0.001055936477724593
0.6498665068001002 0.0003636457645529293 0.001654817942604546
0.6537934833730091 0.0003530687835987167 0.001673588382233649
0.6577204599459181 0.0003424918026445042 0.001692789529487918
0.6616474365188271 0.0003319148216902896 0.001712436380974137
0.665356261179315 0.0003319148216902896 -0.0009918449812294792
0.6692832519963022 0.0003319148216902896 -0.001003622321072505
0.6727739105002909 0.0003319148216902896 -0.001014328375730124
0.6747368290515147 0.0002843230110781906 0.02336655207849541
0.6786626661539621 0.0001891393898539926 0.02365208339165827
0.6832438895533975 0.0001397810405824659 0.01033234821817814
0.6871708803703848 0.0001397810405824659 -0.0004468287077790629
0.6906614882288538 0.0001585844940742448 -0.005899475442206294
0.6939338737462729 0.000185026690692995 -0.00868475969410723
0.6956784370389608 0.0002367288731705201 -0.03040539314459512
0.6993859165059032 0.000336610625480105 -0.02805383629219397
0.702876119209032 0.0003930188034359784 -0.01748319917420571
0.7065849304167794 0.0004030081743371791 -0.004066917256051778
0.7105117930376823 0.0003712775383946791 0.006797697932997109
0.7144384277578798 0.0003183941682154055 0.01235207161951611
0.718801355224766 0.000259634868016213 0.01254373216855898
0.7225099646433566 0.0002196781090821193 0.009981976270386826
0.7262187758511039 0.0002096887381809187 0.00192751059011597
0.7301457524240129 0.0002202657191351333 -0.003509648743533864
0.7338545232736362 0.000240244388470148 -0.006289499145979149
0.7375632268600445 0.0002702122113047315 -0.00910985550775306
0.7412719977096678 0.0002901908806397485 -0.006508424212158376
0.7449808089174151 0.0003001802515409491 -0.003870497666182384
0.7489077854903241 0.0002896032705867366 0.001540035696529745
0.7526165563399474 0.0002696246012517198 0.004296913507893669
0.756543490180725 0.000248470716073469 0.004366223132021406
0.7604704240215026 0.0002273168308952159 0.004437805340144947
0.76417923522925 0.0002173274599940131 0.001771830619831848
0.768106211802159 0.0002067504790398007 0.001801835546752281
0.7718150364626469 0.0002067504790398007 -0.0009060650590520462
0.7766144133572935 0.0002584592258956883 -0.01193064625211617
0.7820680726909012 0.0003319083511446823 -0.01499003646141331
0.787085603080759 0.000385967495584926 -0.01258641788567685
0.7918851888861538 0.0004118222441361241 -0.007365638467956507
0.7969029922848708 0.0003983072129168526 0.0007322445407360037
0.8021388091127414 0.0003559996983268526 0.006280990317676445
0.8069380293263162 0.00029136446810774 0.01195787197039643
0.8117372495398909 0.0002267292378886286 0.01226272386825501
0.8163184729393264 0.0001773708886170988 0.009807994071348258
0.8228610837633423 1.10897277665e-06 0.02692783292550705
0.8270050229270368 -9.93626274044e-05 0.02481505111606417
0.8311501197589687 -0.0001216917284259254 0.006107528146969366
0.8350770535997463 -0.0001005378432476743 -0.004777213812066025
0.8387857571861546 -7.05700204131e-05 -0.007642487440030453
0.8429306735951676 -2.59124663103e-05 -0.01060866265116284
0.8464212814536365 -7.1090128185e-06 -0.005340529630090405
0.8501300926613838 2.8803580827e-06 -0.00271262839509962
0.8536207385039697 -6.52140276549e-06 0.002737960751320263
0.8571113843465554 -1.59231636137e-05 0.002804846933563301
0.8606020301891412 -2.53249244619e-05 0.002875082890537438
0.8638745225366307 -2.53249244619e-05 0.000186041030978291
0.8671470030140548 -1.65107736667e-05 -0.002569130821464541
0.8702013181263173 -8.28423292453e-06 -0.002629585633479841
0.8734738104738067 -8.28423292453e-06 6.54744519195e-05
0.8763099602209077 -1.59231636137e-05 0.00282214374328781
0.8791461202553983 -1.59231636137e-05 0.0001317555013971981
0.8822004464463884 -1.59231636137e-05 0.0001351716796571725
0.88481844032438 -1.59231636137e-05 0.0001382440345233358
0.8874364342023715 -1.59231636137e-05 0.0001414593025251356
0.8900544280803631 -1.59231636137e-05 0.0001448276926877524
0.8926724219583546 -1.59231636137e-05 0.0001483604101331752
0.8952904158363462 -1.59231636137e-05 0.0001520697806043917
0.8979084097143377 -1.59231636137e-05 0.0001559693941490532
0.9000900712793306 -1.59231636137e-05 0.000159375186057694
0.9027080651573222 -1.59231636137e-05 0.0001636637558628305
0.904889726722315 -1.59231636137e-05 0.0001674179130831416
0.9070713882873079 -1.59231636137e-05 0.0001713483411016601
0.9094712073040857 -9.45945303056e-06 -0.002588918240980632
0.9114347027125793 -9.45945303056e-06 0.0001068076694180554
0.9136163642775722 -9.45945303056e-06 0.0001095051500627081
0.9157980258425651 -9.45945303056e-06 0.0001123424134103487
0.9175433550945595 -9.45945303056e-06 0.0001147203236307693
0.9197250166595524 -9.45945303056e-06 0.0001178381183419945
0.9214703459115469 -9.45945303056e-06 0.0001204570820361777
0.9232156751635411 -9.45945303056e-06 0.0001231951052880829
0.9251791634499956 -4.17096255345e-06 -0.002637663336894081
0.9271426588584891 -4.17096255345e-06 5.72483497688e-05
0.9286698164146204 -8.28423292453e-06 0.002809548573562309
0.9304151393359132 -1.29851133486e-05 0.002880017648746409
0.9319423024314082 -1.29851133486e-05 0.0001907956580219918
0.9336876316834026 -1.29851133486e-05 0.0001958173642760364
0.9352147892395339 -8.87184297754e-06 -0.002556466929062696
0.936741952335029 -8.87184297754e-06 0.0001402484465907312
0.9382691098911602 -4.75857260646e-06 -0.002616323579212899
0.9397962729866551 -4.75857260646e-06 7.90411629416e-05
0.9411052699256509 -4.75857260646e-06 8.07979354027e-05
0.9424142668646467 -4.75857260646e-06 8.26345752071e-05
0.9437232638036425 -4.75857260646e-06 8.45566554982e-05
0.9450322607426382 -4.75857260646e-06 8.65702802928e-05
0.946341257681634 -4.75857260646e-06 8.8682149234e-05
0.9476502546206298 -4.75857260646e-06 9.08996320588e-05
0.9489592515596256 -4.75857260646e-06 9.32308545247e-05
0.9502682484986213 -4.75857260646e-06 9.56847979064e-05
0.9515772454376171 -4.75857260646e-06 9.82714146303e-05
0.9524499100636142 -4.75857260646e-06 0.0001000749440630305
0.95375890700261 -4.75857260646e-06 0.0001029078743863677
0.9546315716286071 -4.75857260646e-06 0.0001048873139280234
0.9559405685676029 -4.75857260646e-06 0.0001080034951259048
0.9568132331936002 -4.75857260646e-06 0.0001101858957984918
0.9579040600194083 -1.8205223414e-06 -0.002650162357933634
0.9589948908019047 -1.8205223414e-06 4.43974513374e-05
0.9598675554279018 -1.8205223414e-06 4.53628568996e-05
0.9609583822537099 -4.75857260646e-06 0.002815293955390948
0.9618310437143562 -7.10901281851e-06 0.002879660508721849
0.9624855421838541 -7.10901281851e-06 0.0001895006124905666
0.9635763690096621 -4.17096255345e-06 -0.002578896798550893
0.9644490304703086 -1.8205223414e-06 -0.002642200543677818
0.9653216919309551 5.299178706469858e-07 -0.002708690300424463
0.9659761904004529 5.299178706469858e-07 -1.55749128872e-05
0.9668488550264502 5.299178706469858e-07 -1.59849040214e-05
0.967503351121935 -1.23291228839e-06 0.0027313490142139
0.9683760125825814 -3.58335250044e-06 0.002806720556004641
0.9692486740432279 -5.93379271248e-06 0.002886369885237478
0.9699031725127257 -5.93379271248e-06 0.0001971567481027171
0.9705576686082107 -4.17096255345e-06 -0.002551743841951374
0.971430330068857 -1.8205223414e-06 -0.002629687135379826
0.972084828538355 -1.8205223414e-06 6.52162334493e-05
0.9725211608513534 -1.8205223414e-06 6.62517921113e-05
0.9733938254773505 -1.8205223414e-06 6.84248063174e-05
0.9738301577903492 -1.8205223414e-06 6.95656597345e-05
0.9747028224163463 -1.8205223414e-06 7.1965432991e-05
0.975139154729345 -1.8205223414e-06 7.32284971941e-05
0.9755754870423436 -1.8205223414e-06 7.45366894801e-05
0.9764481516683408 -1.8205223414e-06 7.72984910627e-05
0.9768844839813394 -1.8205223414e-06 7.87575901903e-05
0.9773208162943379 -1.8205223414e-06 8.02728334986e-05
0.9779753123898228 -3.58335250044e-06 0.002856106424343734
0.9786298108593207 -3.58335250044e-06 0.0001676799603065125
0.9790661431723193 -3.58335250044e-06 0.0001711749772119844
0.979502475485318 -3.58335250044e-06 0.0001748187914772149
0.9801569715808027 -1.8205223414e-06 -0.002601663145427406
0.980593302311126 -6.45302235376073e-07 -0.002660157817498354
0.9808114684676252 -6.45302235376073e-07 3.36295788995e-05
0.9812478007806237 -6.45302235376073e-07 3.44120829548e-05
0.9816841330936223 -6.45302235376073e-07 3.52318696356e-05
0.982120465406621 -6.45302235376073e-07 3.60916684786e-05
0.9825567977196195 -6.45302235376073e-07 3.69944821317e-05
0.9829931300326181 -6.45302235376073e-07 3.79436213897e-05
0.9834294623456166 -6.45302235376073e-07 3.89427457641e-05
0.9838657946586152 -6.45302235376073e-07 3.99959106369e-05
0.9843021269716139 -6.45302235376073e-07 4.11076222776e-05
0.9847384592846123 -6.45302235376073e-07 4.22829022984e-05
0.984956624649774 -1.23291228839e-06 0.002775366497178448
0.9853929553800972 -2.40813239441e-06 0.002858270366163929
0.9856111215365965 -2.40813239441e-06 0.0001673606722061975
0.9860474538495949 -2.40813239441e-06 0.0001725944744809425
0.9862656192147565 -1.8205223414e-06 -0.00256085714371961
0.9867019499450798 -6.453022353760728e-07 -0.002644883259944448
0.986920116101579 -6.453022353760728e-07 4.93354711604e-05
0.9873564484145775 -6.453022353760728e-07 5.10380513304e-05
0.9877927807275761 -6.453022353760728e-07 5.28623448448e-05
0.9877927807275761 -6.453022353760728e-07 5.28623448448e-05
0.9882291130405748 -6.453022353760728e-07 5.48218869958e-05
0.9886654453535733 -6.453022353760728e-07 5.69322972811e-05
0.9886654453535733 -6.453022353760728e-07 5.69322972811e-05
0.9891017776665719 -6.453022353760728e-07 5.92116966308e-05
0.9891017776665719 -6.453022353760728e-07 5.92116966308e-05
0.9895381099795706 -6.453022353760728e-07 6.16812290416e-05
0.989974442292569 -6.453022353760728e-07 6.43657194259e-05
0.989974442292569 -6.453022353760728e-07 6.43657194259e-05
0.9904107746055677 -6.453022353760728e-07 6.72945110641e-05
0.9904107746055677 -6.453022353760728e-07 6.72945110641e-05
0.9904107746055677 -6.453022353760728e-07 6.72945110641e-05
0.9904107746055677 -6.453022353760728e-07 6.72945110641e-05
0.9904107746055677 -6.453022353760728e-07 6.72945110641e-05
0.9904107746055677 -6.453022353760728e-07 6.72945110641e-05
0.9904107746055677 -6.453022353760728e-07 6.72945110641e-05
0.9906289399707293 -5.769218236406472e-08 -0.002687252919393446
0.9906289399707293 -5.769218236406472e-08 -0.002687252919393446
0.9906289399707293 -5.769218236406472e-08 -0.002687252919393446
0.9906289399707293 -5.769218236406472e-08 -0.002687252919393446
0.9906289399707293 -5.769218236406472e-08 -0.002687252919393446
0.9906289399707293 -5.769218236406472e-08 -0.002687252919393446
0.9906289399707293 -5.769218236406472e-08 -0.002687252919393446
0.9906289399707293 -5.769218236406472e-08 -0.002687252919393446
0.9906289399707293 -5.769218236406472e-08 -0.002687252919393446
0.9906289399707293 -5.769218236406472e-08 -0.002687252919393446
0.9906289399707293 -5.769218236406472e-08 -0.002687252919393446
0.9906289399707293 -5.769218236406472e-08 -0.002687252919393446
0.9906289399707293 -5.769218236406472e-08 -0.002687252919393446
0.9906289399707293 -5.769218236406472e-08 -0.002687252919393446
0.9906289399707293 -5.769218236406472e-08 -0.002687252919393446
0.9906289399707293 -5.769218236406472e-08 -0.002687252919393446
0.9906289399707293 -5.769218236406472e-08 -0.002687252919393446
0.9906289399707293 -5.769218236406472e-08 -0.002687252919393446
0.9906289399707293 -5.769218236406472e-08 -0.002687252919393446
0.9906289399707293 -5.769218236406472e-08 -0.002687252919393446
0.9906289399707293 -5.769218236406472e-08 -0.002687252919393446
0.9906289399707293 -5.769218236406472e-08 -0.002687252919393446
0.9906289399707293 -5.769218236406472e-08 -0.002687252919393446
0.9906289399707293 -5.769218236406472e-08 -0.002687252919393446
0.9906289399707293 -5.769218236406472e-08 -0.002687252919393446
0.9906289399707293 -5.769218236406472e-08 -0.002687252919393446
0.9906289399707293 -5.769218236406472e-08 -0.002687252919393446
0.9906289399707293 -5.769218236406472e-08 -0.002687252919393446
0.9906289399707293 -5.769218236406472e-08 -0.002687252919393446
0.9906289399707293 -5.769218236406472e-08 -0.002687252919393446
0.9908471061272286 -5.769218236406472e-08 6.3031630395e-06
0.9908471061272286 -5.769218236406472e-08 6.3031630395e-06
0.9908471061272286 -5.769218236406472e-08 6.3031630395e-06
0.9908471061272286 -5.769218236406472e-08 6.3031630395e-06
0.9908471061272286 -5.769218236406472e-08 6.3031630395e-06
0.9908471061272286 -5.769218236406472e-08 6.3031630395e-06
0.9908471061272286 -5.769218236406472e-08 6.3031630395e-06
0.9908471061272286 -5.769218236406472e-08 6.3031630395e-06
0.9908471061272286 -5.769218236406472e-08 6.3031630395e-06
0.9908471061272286 -5.769218236406472e-08 6.3031630395e-06
0.9908471061272286 -5.769218236406472e-08 6.3031630395e-06
0.9908471061272286 -5.769218236406472e-08 6.3031630395e-06
0.9908471061272286 -5.769218236406472e-08 6.3031630395e-06
0.9908471061272286 -5.769218236406472e-08 6.3031630395e-06