
0.0 0.0 3.141592653589793
0.0 0.0 3.141592653589793
0.0 0.0 3.141592653589793
-0.0006544771034838256 5.28843932375e-06 -3.133507133668548
-0.001527138564130267 2.9379991117e-06 3.138902186743001
-0.00414466714906749 -4.64183807949e-05 3.122692176643106
-0.007631667144658395 -0.0002061926660143122 3.095596916460019
-0.008285700362449997 -0.0002308664699411629 3.10365212749864
-0.01068008968938583 -0.0003923373462571337 3.073860847344041
-0.014156968992296 -0.0007021874785198158 3.051997874428744
-0.0148093320110082 -0.000755014918281456 3.060024009293838
-0.01784223486370798 -0.001116136458837345 3.02194623054177
-0.02129603773362103 -0.001622044086027073 2.994491211937949
-0.02216080093064485 -0.001739211327779679 3.005143561360963
-0.02516986088063601 -0.002263107021908911 2.966892920175486
-0.02837930113310835 -0.002902403064589251 2.941986603629551
-0.03220857242334236 -0.003772999562682218 2.914141131327605
-0.03284793589431884 -0.003912937400867454 2.922074093784505
-0.03559558449082567 -0.004615952999098954 2.886319296529526
-0.03916532485114499 -0.005622101160231732 2.86101369976585
-0.04270369329031294 -0.00673355478092119 2.830203584675997
-0.04353901970356304 -0.006986088605969437 2.840707063422473
-0.04601920802483658 -0.007824275838167173 2.807488595272593
-0.04929482891998657 -0.009030511529367333 2.779257564952806
-0.05294202029419564 -0.01048627660540024 2.75074991333516
-0.05355182614384491 -0.01072398456132219 2.758571881734416
-0.05615663871724076 -0.01184592716177982 2.722337768056156
-0.0595263699690951 -0.01339521462784921 2.696405070490927
-0.06323959316913473 -0.01523757718758915 2.66475484284156
-0.06382822293702217 -0.01552372966954909 2.672519266076728
-0.06614452390551141 -0.01674382875100794 2.63885110754569
-0.06938309094249052 -0.01855133086974415 2.612606484099202
-0.07294123414417966 -0.02067781700680628 2.5806097302381
-0.07350574088404448 -0.02100902749459652 2.588319067824747
-0.07571977588666823 -0.02240614629854908 2.554433124377486
-0.07880743026868256 -0.024460841112742 2.527882205464779
-0.0793552224700767 -0.02481901977021174 2.535557871593008
-0.08167319881550181 -0.02645327476968167 2.498697339030153
-0.08482060094287518 -0.02880170333476679 2.469100513558682
-0.08790361635824628 -0.03123404229660707 2.439396279351338
-0.08842071109329851 -0.03163526702360719 2.447017485378302
-0.09043614700473372 -0.03330616798778738 2.412785071746297
-0.09339070622945522 -0.03589302644242211 2.382882623127818
-0.09642715073420262 -0.03871478672714392 2.350004710676368
-0.09691017372349228 -0.03915643934900043 2.357573925281122
-0.09928322760551607 -0.04140984154066272 2.336109249398231
-0.1018958550674552 -0.04404224692497664 2.303423839733049
-0.1044439099049304 -0.04673720460691957 2.276042420638642
-0.1067729011426151 -0.0493373001063688 2.246070119475481
-0.1085900912988614 -0.05151482706998702 2.208508545312127
-0.1110240906722182 -0.05459653178121431 2.177962480143826
-0.1134958231817353 -0.05792412321290184 2.144425837407587
-0.1138903293751692 -0.05844636176942303 2.151890268243091
-0.1158132816061023 -0.06109427809776995 2.129912454548539
-0.1179027727405967 -0.0641584920526224 2.096665699973383
-0.1199173786333281 -0.06727245150309946 2.068740761742466
-0.1213736540524678 -0.06970618641981746 2.030847283628843
-0.1230846752323337 -0.07274873523840997 2.000312502666825
-0.125099433636701 -0.07661905012336451 1.963410144740821
-0.1254063284345995 -0.07719713647469785 1.97080397170246
-0.1264683247690666 -0.07934919058145748 1.938625989600583
-0.1280284954026822 -0.08271389680284548 1.910398416413294
-0.1295644506014949 -0.08632804933199287 1.873798283836153
-0.1299144067959393 -0.08712747050474019 1.883622673999366
-0.1308862264896622 -0.08955840827195952 1.848422479597199
-0.1320942265233477 -0.09283337891458887 1.817614264427523
-0.1333535112378462 -0.09655298358236376 1.786285199304446
-0.1337171948764798 -0.09758140276102198 1.798533604589597
-0.1349463835549954 -0.1013110611997146 1.772573043746889
-0.1357392900159865 -0.1040341298887787 1.734345832223702
-0.1368013475274185 -0.1080409191491785 1.705386381105178
-0.1375862084014726 -0.1114421968796568 1.669072263141641
-0.1375862084014726 -0.1114421968796568 1.669072263141641
-0.1380423300153806 -0.1135756448535931 1.650410895814472
-0.138395779770863 -0.1155070659598061 1.618527535558059
-0.1387305650731286 -0.1176628873776314 1.589084218181689
-0.1388895317542376 -0.1189621958785647 1.55525762887657
-0.1389957208673663 -0.1200478457614895 1.529763146650701
-0.1389201314445121 -0.1191784610430712 1.519992046656573
-0.1389863502260427 -0.1200486096639627 1.508216490132848
-0.1389358337742871 -0.118958949219538 1.479838577673191
-0.1389245517873111 -0.1176500009000577 1.443624591793303
-0.1389471154120591 -0.1159048175054813 1.424063997197327
-0.1389437074082497 -0.1161229570419063 1.421122288650456
-0.1390691729906388 -0.1135079713186495 1.391766388157114
-0.1394051103008321 -0.1095953758884623 1.358479324007246
-0.1396811451280077 -0.1072114761701376 1.331539254394486
-0.1397056554021834 -0.1069946912114769 1.334477310842807
-0.1402308116685287 -0.1031029733680792 1.317315108765562
-0.140953364086663 -0.09857882017822955 1.298169876626431
-0.1414018786467365 -0.09622127743582921 1.271194125129699
-0.14159129942426 -0.09514701882400234 1.285872844235665
-0.1424183226118485 -0.09086278944360494 1.274544421819718
-0.1432868562247158 -0.08703304973443127 1.246539879316753
-0.1438867237901947 -0.08470940346257125 1.219529066202825
-0.1440451981344169 -0.08407438052692373 1.228325898664369
-0.1449812971456867 -0.08071158177698817 1.205182117846513
-0.1462866470334535 -0.07654809160560833 1.177554032350937
-0.1471859942628262 -0.07385830010769212 1.16173604412733
-0.1484469745062998 -0.07037041977892325 1.141434805137854
-0.1495040336797092 -0.06773860868289948 1.109392647314067
-0.1497430550482099 -0.06712931644433486 1.118162745147731
-0.151275115599504 -0.06351351123057258 1.095322203945659
-0.1530046431604865 -0.05974640879625438 1.069966922259375
-0.1540701159242616 -0.05759607373341049 1.042780820939906
-0.1556092589775359 -0.05470812552993902 1.016434880221432
-0.157548890578148 -0.05129358513178744 0.9933893591025198
-0.1593541212675348 -0.04830597087463104 0.9698665196103722
-0.1597973560357338 -0.04755424852580378 0.9815017327570668
-0.1617749177851902 -0.04441663320691421 0.9554730581235318
-0.1640880448208257 -0.04097689925617672 0.9298035708302259
-0.1654856282316415 -0.03902601901827002 0.9024265522142687
-0.1658624757956239 -0.03849089832151496 0.9111258424767548
-0.1680868359808141 -0.03552313786474217 0.8849355648126038
-0.170815191842225 -0.03211804417584407 0.856574136738971
-0.1726300349557232 -0.02993856070157059 0.8402659641894861
-0.1746715762648354 -0.02766677339547075 0.8052180784160883
-0.1752478470902666 -0.02701144486318815 0.8167620236473137
-0.1776226885199901 -0.02445315930931877 0.7928412507245559
-0.1808553026875742 -0.02120658423307114 0.7616699809461047
-0.1824357192018898 -0.01970261254934632 0.7365243010351366
-0.1829061829878696 -0.01924760477726259 0.7451472063028293
-0.185479766393404 -0.01688935007383751 0.7210325678753731
-0.1889638787209982 -0.01391428614664474 0.6895961081037423
-0.1906605309110004 -0.01254278385706299 0.6643202016768162
-0.1911661853727157 -0.01212723384572556 0.6729043884143775
-0.1939217169464005 -0.009984398682234408 0.6485768969205439
-0.1976345920090831 -0.007300259555607809 0.6168501589538344
-0.1994364084439864 -0.00607017633928479 0.5914320036907701
-0.2025600983453401 -0.00407069096488862 0.5642820793367753
-0.2057313346812959 -0.002147505985809098 0.542442304281423
-0.2087636914881255 -0.0004184863249773864 0.5176830551469087
-0.2120385768646834 0.001322348570310112 0.4902626420885809
-0.2153546950054514 0.00298329433664728 0.468145844700337
-0.2187185603030668 0.004545277250043766 0.4405339225195473
-0.2221192971535916 0.006025266856671434 0.4182211750997773
-0.2253563425742866 0.007331495678825633 0.3930055534746604
-0.2286273917515923 0.00855007438827199 0.3676911765125093
-0.2323429068751528 0.0098213746058821 0.3424665657641732
-0.2356748221482982 0.01086206543607532 0.316949567601803
-0.2394533972908154 0.0119314703028369 0.2914918495259364
-0.2428365125073025 0.0127912541265053 0.2657630650333846
-0.2464521585641154 0.01361737999711884 0.2426993946968263
-0.2500906903158311 0.01433603641989723 0.2141175347148323
-0.2537455721169211 0.01496628984694417 0.190814674741155
-0.2574175200314273 0.01548799750013491 0.1619885648573227
-0.2582801351449387 0.01562005322855431 0.1729644097707617
-0.2617435695995106 0.01605516076739139 0.1467181697415647
-0.2660881773654716 0.01645885879391639 0.1150757302358549
-0.2684832403081709 0.01661000968988169 0.08572813742829588
-0.2719716255760595 0.01673596608807653 0.05907570550160379
-0.2754621377151651 0.01676793166682517 0.03229639497253878
-0.2791705405054516 0.01671199324319393 0.008097147722061493
-0.282658118181862 0.01656536874840419 -0.01892857831513517
-0.285925574637548 0.01638389016957855 -0.03254402411522861
-0.289410861523613 0.01619031301883119 -0.03270382187687293
-0.2926804655952477 0.01605285255496581 -0.01932574785531749
-0.2966055398838171 0.01593017938791729 -0.008599843373396254
-0.3003137785580028 0.01586425293255385 0.004892996163357921
-0.3044587406739078 0.01582406098613144 0.01305051741248775
-0.3086037960083365 0.01579503325167089 0.01583828846378932
-0.3125304854243012 0.0157463803252157 0.0105111543468972
-0.3164568557852038 0.01567657584306617 0.005153767374011409
-0.3201644407094442 0.01558068845187978 -0.002942421658046257
-0.3238711298165222 0.01545484638533229 -0.0110830960996271
-0.3275781444223933 0.01533898839423091 -0.008435948521690939
-0.3310670993455661 0.01522994557907668 -0.008479957475560518
-0.3349927775006442 0.01512841775311462 -0.003111399600292941
-0.3389189456079021 0.01504803821434762 0.002288932138875488
-0.3428451137151601 0.01496765867558062 0.002302606657988093
-0.3487355580630752 0.01498987030980311 0.02678327485377352
-0.3554954082267225 0.01477859985544178 -0.008317395908971292
-0.3616020186901773 0.01462066768172302 -0.002958611715516923
-0.3626920061731425 0.01457778315046637 -0.01645376432557377
-0.3657425003667861 0.01442483330406285 -0.02735846768689498
-0.3677053394443252 0.01437406939108182 -0.003127462920316404
-0.3714135781185109 0.01430814293571838 0.004981980023509358
-0.3759945462712178 0.01423904253005626 0.007731727360160257
-0.3794848077208993 0.01418639460193274 0.007775209777399539
-0.3814467851902366 0.01410920244567076 -0.01651772526419837
-0.3849339552971128 0.01395318501979256 -0.02202881596777573
-0.3882035593687475 0.01381572455592718 -0.01943879869954657
-0.3919102484758255 0.01368988248937969 -0.01142782915774454
-0.3958361858472507 0.01359892847710452 -0.0006584428892990601
-0.3997625562081533 0.01352912399495499 0.004759302724458792
-0.403689245624118 0.0134804710684998 0.01021292024060827
-0.4076159350400828 0.01343181814204461 0.01028060444032786
-0.4117606205115795 0.01336929872739793 0.007640645608498531
-0.4154684502512589 0.01328339771580471 -0.0004423708193197484
-0.4191760351754993 0.01318751032461832 -0.003155798346581307
-0.4209213482209133 0.01317998893012633 0.01844689036471259
-0.4248483025730945 0.01316306579251936 0.0185728009691557
-0.4296474120664066 0.01309067489134952 0.007864777520282473
-0.4329190265425942 0.01301487988112021 -0.0002166934855747371
-0.4361904250051594 0.01293027335948516 -0.002926989328557283
-0.4398977382174733 0.01282440028431584 -0.005657605269441035
-0.4438231286775705 0.01271229938119539 -0.005697541206080459
-0.4455662682167953 0.0126248994689648 -0.02733054838652649
-0.449270926534128 0.01244915216724705 -0.02480299601012792
-0.4529768839762096 0.01230334476097443 -0.01683611465152168
-0.45668446890045 0.01220745736978804 -0.003392060313270662
-0.4606110130313417 0.01214822845064908 0.007435304083431404
-0.4645378192464095 0.01211015186982785 0.01291613146802817
-0.4686826580743723 0.01205879600301403 0.01030245440364475
-0.472609347490337 0.01201014307655884 0.01037914602039613
-0.4763173951471917 0.01193422906772334 0.002315195157246208
-0.4802430733022698 0.01183270124176128 -0.003094824932193596
-0.4839503865145838 0.01172682816659196 -0.005829823074275708
-0.4876574011204549 0.01161097017549059 -0.008584915118978742
-0.4913647143327688 0.01150509710032127 -0.005934453739375734
-0.4952906517041941 0.0114141430880461 -0.0005518949537464124
-0.4989986993610488 0.0113382290792106 0.002157363570408855
-0.5029248674683069 0.0112578495404436 0.002174402782069151
-0.5068510355755649 0.0111774700016766 0.00219171329304757
-0.5105592742497506 0.01111154354631316 0.004922130840138372
-0.5142673219066053 0.01103562953747766 0.002245734557972057
-0.5179751516462847 0.01094972852588444 -0.0004511184193347617
-0.5216827365705252 0.01085384113469805 -0.00316890380030177
-0.5256084147256033 0.010752313308736 -0.003195129054845758
-0.5295340928806814 0.01065078548277394 -0.003221792000733359
-0.5332419226203607 0.01056488447118072 -0.0005325800749371723
-0.537167859991786 0.01047393045890555 -0.000537097699050193
-0.5408759076486408 0.01039801645007005 0.002173725942041571
-0.5445837373883201 0.01031211543847684 -0.0005239145168758341
-0.5485096747597453 0.01022116142620167 -0.0005284702742596181
-0.5524356121311705 0.01013020741392649 -0.0005331059568316476
-0.5561436597880253 0.01005429340509099 0.002178350044821364
-0.5598514895277047 0.009968392393497777 -0.0005193982274755982
-0.5637774268991299 0.009877438381222606 -0.0005240727890960528
-0.5674854745559846 0.009801524372387106 0.002187933885201332
-0.5711933042956641 0.009715623360793889 -0.0005098462786223834
-0.5751192416670893 0.009624669348518718 -0.000514557360565604
-0.5790451790385145 0.009533715336243545 -0.0005193563171665971
-0.5829711164099397 0.009442761323968374 -0.0005242456302259058
-0.5864608385178732 0.009361913313057109 -0.0005286696214792386
-0.5903867758892984 0.009270959300781936 -0.0005337367164219842
-0.5943127132607237 0.009180005288506765 -0.0005389018836519099
-0.5980207609175785 0.009104091279671265 0.002174380710096457
-0.6019469290248365 0.009023711740904265 0.002195826526586231
-0.6056547587645159 0.008937810729311048 -0.0005022613872114334
-0.6095806961359411 0.008846856717035877 -0.0005073120329388559
-0.6135066335073663 0.008755902704760706 -0.0005124652871497659
-0.6172142184316067 0.008660015313574321 -0.003236928457321042
-0.6209220481712862 0.008574114301981102 -0.0005488354427676256
-0.6248479855427114 0.008483160289705931 -0.0005545790366632275
-0.6287739229141366 0.00839220627743076 -0.0005604441159654527
-0.6324819705709914 0.00831629226859526 0.002154484612664653
-0.6364081386782494 0.00823591272982826 0.002177748238553434
-0.6401159684179287 0.008150011718235043 -0.0005209739410005909
-0.6440419057893539 0.008059057705959872 -0.0005267199422291924
-0.6477494907135944 0.007963170314773484 -0.00325402511258055
-0.6518935357167656 0.007867163301816358 -0.0005672897285231571
-0.6553832578246991 0.007786315290905095 -0.000573034398225758
-0.6593091951961243 0.007695361278629923 -0.0005796378252540535
-0.6632351325675495 0.007604407266354751 -0.000586395217180069
-0.6669431802244042 0.007528493257519251 0.002130471214416119
-0.6708693483316622 0.007448113718752251 0.002155884202057479
-0.6747955164389202 0.007367734179985251 0.002181910777398599
-0.6782854436453717 0.007296285701081252 0.002205578781332207
-0.6824294886485428 0.007200278688124126 -0.0004941964345093197
-0.6861370735727833 0.007104391296937739 -0.003225263051879423
-0.6898449033124626 0.007018490285344522 -0.000538211973920788
-0.6937708406838878 0.00692753627306935 -0.0005451120770185724
-0.697696778055313 0.006836582260794178 -0.000552191402229063
-0.7011865001632466 0.006755734249882915 -0.000558640304592295
-0.7051124375346718 0.006664780237607743 -0.0005660777669529438
-0.7088204851915265 0.006588866228772243 0.002154420959916692
-0.7127466532987845 0.006508486690005243 0.002183866096288511
-0.7164544830384639 0.006422585678412025 -0.0005162064480170869
-0.7223449658453642 0.006428931873429894 0.02422761331601198
-0.7258356223235274 0.006432692581588634 0.02453596404648906
-0.7295441623274941 0.006386742595492065 0.01122066261815213
-0.7334700996989193 0.006295788583216893 0.0004536097915437409
-0.7371771143047904 0.006179930592115516 -0.007734210453333112
-0.7417559655547102 0.006024478627556853 -0.01061256179387371
-0.7448090470236747 0.005937289036240944 -0.005288271715751414
-0.7485166319479151 0.005841401645054559 -0.002633120507249842
-0.7524428000551731 0.005761022106287558 0.002797368106648435
-0.7565868450583442 0.005665015093330433 0.0001057286334980034
-0.7605127824297694 0.005574061081055261 0.0001074618489944612
-0.7640025045377029 0.005493213070143999 0.0001090508956878011
-0.7679284419091281 0.005402259057868826 0.0001108956968645103
-0.7718543792805533 0.005311305045593655 0.0001128039886726384
-0.7770889624424536 0.005190033029226761 0.0001154529390419157
-0.7818873303408622 0.005078867014223773 0.0001179928380672379
-0.7866856982392708 0.004967700999220786 0.000120647003558183
-0.7912656560868619 0.004849251868931722 -0.00262921634508384
-0.7962821316170164 0.00473303285324678 6.57737202303e-05
-0.801080499515425 0.004621866838243793 6.73603219141e-05
-0.8056604573630162 0.00450341770795473 -0.002687940552725365
-0.810240717629679 0.004397304693633695 5.60078802714e-06
-0.8150390855280876 0.004286138678630708 5.74608703729e-06
-0.8194012381630045 0.00418507866499163 5.884877055e-06
-0.8233271755344297 0.004094124652716458 6.01564790514e-06
-0.8276893281693466 0.003993064639077378 6.16793778008e-06
-0.8316152655407718 0.003902110626802206 6.31174496046e-06
-0.8359774181756887 0.003801050613163128 6.47960471767e-06
-0.8399033555471139 0.003710096600887956 6.63849948168e-06
-0.8436114032039687 0.003634182592052456 0.002764063306291753
-0.8473192329436481 0.003548281580459238 7.23697849967e-05
-0.8508089550515816 0.003467433569547975 7.40625809978e-05
-0.8542986771595152 0.00338658555863671 7.58364658617e-05
-0.8577883992674488 0.003305737547725448 7.76974090808e-05
-0.8612781213753823 0.003224889536814185 7.96519808279e-05
-0.8643316282198242 0.003154147527266828 8.14447156081e-05
-0.8678213503277578 0.003073299516355565 8.35949787081e-05
-0.8708748571721996 0.003002557506808208 8.5571800005e-05
-0.8739283640166414 0.002931815497260854 8.76443799562e-05
-0.8769818708610833 0.002861073487713496 8.98198491939e-05
-0.8800353777055251 0.002790331478166141 9.21060643488e-05
-0.8826526692864752 0.002729695469982694 9.416037524e-05
-0.8852699608674254 0.002669059461799246 9.63084143049e-05
-0.8881051728683151 0.002595733809715537 -0.002662910977615063
-0.8907222916383672 0.002528048592407499 -0.00272668987382918
-0.8931214755875715 0.002472465584906005 -3.40276085176e-05
-0.8959570414428134 0.002414413695796504 0.002731855576087128
-0.8985744868476521 0.002360827336618502 0.002802351010631199
-0.9009736707968564 0.002305244329117008 0.0001115810745435653
-0.9031547471143149 0.002254714322297468 0.0001140940133463886
-0.9053358234317733 0.002204184315477929 0.0001167227487819389
-0.9075168997492318 0.00215365430865839 0.0001194754734985537
-0.9099159252884462 0.002091609526126022 -0.002642484569658876
-0.9118788939741589 0.002046132519988436 5.20591587758e-05
-0.9140599702916173 0.001995602513168897 5.33803691365e-05
-0.9162410466090758 0.001945072506349358 5.47703878304e-05
-0.9179859076630426 0.001904648500893725 5.59356338243e-05
-0.9199489917166715 0.001864458731510224 0.002816762685421637
-0.9219119604023842 0.001818981725372638 0.0001264541798633445
-0.923656821456351 0.001778557719917005 0.0001293443439109865
-0.9254016825103176 0.001738133714461374 0.0001323697099131493
-0.9273645215878566 0.001687369801480347 -0.002630251368092473
-0.9291092674345581 0.001642246323274988 -0.002694990691383126
-0.930636020856779 0.00160687531850131 -1.61615863359e-06
-0.9323808819107458 0.001566451313045677 -1.65786240736e-06
-0.9339077250635683 0.001535192603525176 0.002753931664614129
-0.9356526886667941 0.001499468364073177 0.00282860777528704
-0.937179442089015 0.001464097359299498 0.0001384842074623194
-0.9389243031429818 0.001423673353843867 0.0001424405258028116
-0.9402329489334569 0.001393355349752144 0.0001455593606785044
-0.941541594723932 0.00136303734566042 0.0001488178311097599
-0.942850240514407 0.001332719341568696 0.0001522255294137409
-0.9441588863048821 0.001302401337476972 0.0001557929470896724
-0.9456855389207458 0.001262918294047282 -0.002608947354451274
-0.9469940983057719 0.001229075685393263 -0.002673358720098662
-0.9483026576907979 0.001195233076739244 -0.002741031044641851
-0.9496113803932172 0.001168439897150244 0.00271450142623042
-0.9507019185519465 0.001143174893740474 2.15586710963e-05
-0.9517925208039626 0.001120847244082974 0.002776385179203089
-0.9528830589626918 0.001095582240673205 8.48963408897e-05
-0.9541917047531668 0.001065264236581481 8.73216442816e-05
-0.9550641352801503 0.001045052233853663 8.90169918861e-05
-0.9561546014343386 0.001016850059975317 -0.002669169599585075
-0.9572451395930679 0.0009915850565655456 2.48580168947e-05
-0.9581175701200513 0.0009713730538377299 2.53758206634e-05
-0.9589900006470347 0.0009511610511099143 2.59156555238e-05
-0.9602986464375097 0.0009208430470181903 2.67698932115e-05
-0.9611710769644931 0.0009006310442903733 2.73713741539e-05
-0.9620435074914765 0.0008804190415625577 2.80005051749e-05
-0.9629159380184599 0.000860207038834743 2.86592377394e-05
-0.9637883685454434 0.0008399950361069249 2.93497113759e-05
-0.9646607990724267 0.0008197830333791093 3.00742768911e-05
-0.9655332295994101 0.0007995710306512947 3.08355231056e-05
-0.9664056601263935 0.000779359027923479 3.16363077619e-05
-0.9670600214776032 0.000765962438128979 0.00277917604084621
-0.9677143443728408 0.000750803436083117 8.75049036928e-05
-0.9685867748998241 0.0007305914333552999 8.99351473089e-05
-0.9694592054268075 0.0007103794306274843 9.25042356545e-05
-0.9701134851193205 0.0006934581263004761 -0.002657848124587581
-0.9707678080145581 0.0006782991242546132 3.63572037116e-05
-0.9716402385415415 0.0006580871215267975 3.74756583525e-05
-0.9720764538050332 0.0006479811201628892 3.80610940152e-05
-0.9729488843320165 0.0006277691174350746 3.9288608269e-05
-0.9733850995955083 0.0006176631160711652 3.99325436007e-05
-0.9742575301224917 0.0005974511133433506 4.12858844747e-05
-0.9746937453859835 0.0005873451119794412 4.19975470942e-05
-0.9751299606494752 0.0005772391106155327 4.27341745137e-05
-0.9760023911764586 0.0005570271078877171 4.42877693061e-05
-0.9764386064399503 0.0005469211065238086 4.51077115002e-05
-0.9768748217034419 0.0005368151051599023 4.59585871573e-05
-0.9777472522304252 0.0005166031024320867 4.77604154261e-05
-0.9781834674939169 0.0005064971010681784 4.87153700526e-05
-0.9786196827574086 0.0004963910997042699 4.97092918561e-05
-0.9790558980209003 0.0004862850983403626 5.07446156117e-05
-0.979492113284392 0.0004761790969764542 5.18239832505e-05
-0.980146392976905 0.0004592577926494461 -0.002728645061730539
-0.9808007158721426 0.000444098790603583 -3.64365773837e-05
-0.9810188363225458 0.0004396332606720833 0.002687503315673467
-0.9816731592177834 0.0004244742586262213 -6.11688652441e-06
-0.9821093744812751 0.0004143682572623129 -6.26603053622e-06
-0.9825455897447668 0.0004042622558984044 -6.42262927109e-06
-0.9827636829756045 0.0003986218211227362 -0.002733995519713872
-0.9831998694372798 0.0003873409515713961 -0.002804983787464188
-0.9836361103380862 0.0003784098917083957 0.00265065933821429
-0.9840723512388926 0.0003694788318453952 0.00272325360030834
-0.9842904588706384 0.0003644258311634425 3.02586113285e-05
-0.9847266741341302 0.0003543198297995331 3.11228146259e-05
-0.9851628893976219 0.0003442138284356246 3.2037833531e-05
-0.9855991046611134 0.0003341078270717183 3.3008285782e-05
-0.9860353199246052 0.000324001825707809 3.40393660956e-05
-0.9862534131554429 0.0003183613909321383 -0.002701564324585348
-0.9864715207871887 0.0003133083902501845 -8.2864606803e-06
-0.9869077360506803 0.0003032023888862782 -8.56255359771e-06
-0.9875620157431932 0.0002862810845592689 -0.002844114385226248
-0.987780123374939 0.0002812280838773153 -0.0001533949286081082
-0.987780123374939 0.0002812280838773153 -0.0001533949286081082
-0.9882163386384307 0.0002711220825134069 -0.0001590734229770518
-0.988434459088834 0.0002666565525819072 0.002582129516419229
-0.9888706999896405 0.0002577254927189059 0.002683336539267778
-0.9890888076213863 0.0002526724920369533 -1.02741489965e-05
-0.989525022884878 0.0002425664906730449 -1.07020011697e-05
-0.9897431161157156 0.0002369260558973743 -0.002761612969743865
-0.9899612237474614 0.0002318730552154206 -6.96854598896e-05
-0.9901793441978647 0.0002274075252839199 0.002681994295385515
-0.9903974518296105 0.0002223545246019673 -1.16743199694e-05
-0.9903974518296105 0.0002223545246019673 -1.16743199694e-05
-0.9906155722800137 0.0002178889946704676 0.002744062260324753
-0.9906155722800137 0.0002178889946704676 0.002744062260324753
-0.9906155722800137 0.0002178889946704676 0.002744062260324753
-0.9906155722800137 0.0002178889946704676 0.002744062260324753
-0.9906155722800137 0.0002178889946704676 0.002744062260324753
-0.9906155722800137 0.0002178889946704676 0.002744062260324753
-0.9906155722800137 0.0002178889946704676 0.002744062260324753
-0.9906155722800137 0.0002178889946704676 0.002744062260324753
-0.9906155722800137 0.0002178889946704676 0.002744062260324753
-0.9906155722800137 0.0002178889946704676 0.002744062260324753
-0.9906155722800137 0.0002178889946704676 0.002744062260324753
-0.9906155722800137 0.0002178889946704676 0.002744062260324753
-0.9906155722800137 0.0002178889946704676 0.002744062260324753
-0.9906155722800137 0.0002178889946704676 0.002744062260324753
-0.9906155722800137 0.0002178889946704676 0.002744062260324753
-0.9906155722800137 0.0002178889946704676 0.002744062260324753
-0.9906155722800137 0.0002178889946704676 0.002744062260324753
-0.9906155722800137 0.0002178889946704676 0.002744062260324753
-0.9906155722800137 0.0002178889946704676 0.002744062260324753
-0.9906155722800137 0.0002178889946704676 0.002744062260324753
-0.9906155722800137 0.0002178889946704676 0.002744062260324753
-0.9906155722800137 0.0002178889946704676 0.002744062260324753
-0.9906155722800137 0.0002178889946704676 0.002744062260324753
-0.9906155722800137 0.0002178889946704676 0.002744062260324753
-0.9906155722800137 0.0002178889946704676 0.002744062260324753
-0.9906155722800137 0.0002178889946704676 0.002744062260324753
-0.9906155722800137 0.0002178889946704676 0.002744062260324753
-0.9906155722800137 0.0002178889946704676 0.002744062260324753
-0.9906155722800137 0.0002178889946704676 0.002744062260324753
-0.9906155722800137 0.0002178889946704676 0.002744062260324753
-0.9906155722800137 0.0002178889946704676 0.002744062260324753
-0.9906155722800137 0.0002178889946704676 0.002744062260324753
-0.9906155722800137 0.0002178889946704676 0.002744062260324753
-0.9906155722800137 0.0002178889946704676 0.002744062260324753
-0.9906155722800137 0.0002178889946704676 0.002744062260324753
-0.9906155722800137 0.0002178889946704676 0.002744062260324753
-0.9906155722800137 0.0002178889946704676 0.002744062260324753
-0.9906155722800137 0.0002178889946704676 0.002744062260324753
-0.9906155722800137 0.0002178889946704676 0.002744062260324753
-0.9906155722800137 0.0002178889946704676 0.002744062260324753
-0.9906155722800137 0.0002178889946704676 0.002744062260324753
-0.9906155722800137 0.0002178889946704676 0.002744062260324753
-0.9908336799117596 0.0002128359939885129 5.18581782494e-05
-0.9908336799117596 0.0002128359939885129 5.18581782494e-05
-0.9908336799117596 0.0002128359939885129 5.18581782494e-05
-0.9908336799117596 0.0002128359939885129 5.18581782494e-05
-0.9908336799117596 0.0002128359939885129 5.18581782494e-05
-0.9908336799117596 0.0002128359939885129 5.18581782494e-05