0.0 0.0 0.0
0.0 0.0 0.0
0.0004363259823086176 2.35043168647e-06 -0.005389170136683399
0.001090822077793449 5.876015274369494e-07 0.00269282109630132
0.003708806459732775 -6.46371910871e-06 0.00269989712053024
0.00654496649422356 -6.46371910871e-06 6.5063026414e-06
0.009597121510584374 0.000108680699216598 -0.03781746458062214
0.01090581458748383 0.0001368838333630505 -0.02168566783819965
0.01417734550619001 0.000216203517716548 -0.02445999684288808
0.01635615096382155 0.0003278008383042898 -0.0515080289890955
0.01853717157629234 0.0003806806278732881 -0.02462855468873793
0.02224513529417412 0.0004605895079549034 -0.02201834317138856
0.02398884413641909 0.0005357804072962883 -0.04364349843757127
0.02595199057512201 0.0005727976922262292 -0.01944192430238378
0.02966033094719643 0.0006327313813043463 -0.016812527998799
0.03358680898821641 0.0006961905815047055 -0.01688084196253785
0.03533089756899401 0.0007619873919763072 -0.03849762568333893
0.03729421492909277 0.0007884290770659444 -0.01428601850904374
0.04078455690260167 0.0008354365172252996 -0.01433800463711592
0.0425288163747076 0.0008965355502443899 -0.03595067887629136
0.04449219783160851 0.000917689128503616 -0.01173405740297539
0.04841896074541034 0.0009599962850220682 -0.0117824804514699
0.0525639824008079 0.0009934897340724846 -0.009128836422096767
0.05430854569349584 0.001045191916550011 -0.03073271679369119
0.05779767227887169 0.001148596281505063 -0.03084655694261537
0.05976113919926047 0.001159173224094189 -0.006619667782705099
0.06346995040700784 0.00116916259499539 -0.003941807069100065
0.06543273365421262 0.001222041169747522 -0.02824169373286757
0.06739622194066712 0.001227329660224629 -0.004009433336562103
0.07110504660115508 0.001227329660224629 -0.001321278516498693
0.07503203741814232 0.001227329660224629 -0.001326888054054097
0.07699495596936604 0.001274921470836727 -0.02562195566202933
0.07895845137785966 0.001274921470836727 -0.001384216226152714
0.08244910988184831 0.001274921470836727 -0.001389482222824861
0.08441202843307202 0.001322513281448826 -0.02568512457102634
0.08637552384156565 0.001322513281448826 -0.001447544797928673
0.09030251465855289 0.001322513281448826 -0.001453793564389991
0.09422950547554014 0.001322513281448826 -0.001460096514105391
0.09597442957807274 0.001360117460310762 -0.02305178573710348
0.09968216461927309 0.00145001310257806 -0.02585123956362165
0.1036084574966789 0.001524047672437942 -0.02055406683048905
0.1073164212145607 0.001603956552519557 -0.02334405340056446
0.1094980511261038 0.001592204394087195 0.003598835284458279
0.1132067547125121 0.001562236571252612 0.006318560388033276
0.1175699354024043 0.001526980309094279 0.006349803312625199
0.1208423802697189 0.001509352071445735 0.003670004134415134
0.1245510838561273 0.001479384248611151 0.006390371748016108
0.1265143228766372 0.001511113848711331 -0.01789043556702748
0.1304404021073356 0.001595723251150688 -0.02338236625402413
0.1326220320188787 0.001583971092718325 0.003560660544457339
0.1361126398773476 0.001565167639226545 0.003575047840673344
0.1404758997004338 0.00154166332236182 0.003593196291204487
0.1435301815765941 0.001525210300556513 0.003606010230805926
0.145493328015297 0.001562227585486454 -0.02068208497520626
0.1474567949356858 0.001551650642897328 0.003566794872100587
0.1513837287764634 0.001530496757719076 0.003583300233481986
0.1557469885995496 0.001506992440854351 0.003601819608850203
0.157492089951114 0.001535196529832288 -0.01798262863905755
0.1590192475072452 0.001531083259461205 0.0008728188404814191
0.1631643443391771 0.001508754158439717 0.003583892962962608
0.1673094862772477 0.001497589567432492 0.0008949164684218084
0.1688364499598666 0.001522268145288187 -0.01799194448849436
0.1703636075159979 0.001518154874917104 0.0008635074763007709
0.1742905840889069 0.001507577893962891 0.0008676142235306279
0.1786538913921391 0.001495825692902655 0.0008722233334013752
0.1819263362594537 0.001478197455254111 0.003579896011739692
0.1841074913876194 0.001525202678831532 -0.02341663971947134
0.1860709796740739 0.001519914188354425 0.0008260322295754699
0.1895616255166597 0.001510512427506236 0.0008295900461614317
0.1939249328198919 0.001498760226445999 0.00083408064872695
0.1956699518765167 0.001531664479717058 -0.02075813667890442
0.1989416845687653 0.001602172315083189 -0.02354734156235807
0.2028677637994637 0.001686781717522546 -0.02366333416418746
0.2065759292947915 0.001756703255723547 -0.02106794035864539
0.2102842696668659 0.001816636944801663 -0.01846082016887691
0.2142107477078858 0.001880096145002022 -0.01855307282565611
0.2181372257489058 0.001943555345202381 -0.01864625201808667
0.2220639886627077 0.001985862501720833 -0.01332636426510031
0.225772692249116 0.002015830324555416 -0.01068388943579525
0.229699554870019 0.002047560960497916 -0.01073835466375101
0.2334083257196422 0.002067539629832933 -0.008083866776510363
0.2353714721583451 0.002030522344902992 0.01619830454153774
0.239297765035751 0.001956487775043111 0.01628192149209738
0.2434423807457165 0.001889503063720509 0.01366296068824938
0.245187684674951 0.001898904790466399 -0.007902544437482527
0.2469327860265154 0.001870700701488461 0.01367635260121229
0.2506412743733686 0.001820755296319146 0.01103730023426905
0.2550042018402547 0.001761995996119953 0.01110194247125985
0.2567494741162116 0.001776098500983286 -0.01046985985650697
0.2582765485826901 0.001759645717892777 0.008401267422332021
0.262203311496492 0.001717338561374324 0.008445983294702728
0.2665663814007162 0.001670330609687155 0.008496229178768498
0.2680934946421785 0.001682670301442572 -0.0103792475306081
0.2718018350142529 0.001742603990520689 -0.01855348687379927
0.2737652663247044 0.001726738672549439 0.005702573331117049
0.277473875743295 0.001686781913615346 0.00843907976543257
0.2820552154676818 0.001649762838349096 0.005782335520158027
0.2851094419506063 0.001625083454838263 0.005807039993561216
0.2870726809711163 0.001656813054938443 -0.01848440972487326
0.2905628836742452 0.001713221232894318 -0.01857535351432294
0.2944893617152651 0.001776680433094677 -0.01867874078128454
0.2964527930257166 0.001760815115123427 0.005577465700354931
0.3001614024443072 0.001720858356189332 0.008314706264593647
0.304742742168694 0.001683839280923082 0.005658338897965378
0.3077969686516185 0.001659159897412249 0.005683305952494307
0.3097602076721285 0.001690889497512428 -0.01861016428899093
0.3136866857131485 0.001754348697712787 -0.01871664260683124
0.3173951740600017 0.001804294102882102 -0.01611028892531231
0.3213218087801993 0.001857177473061376 -0.01620350244551769
0.3250304181987899 0.001897134231995471 -0.01358432585029565
0.3269937355588887 0.001870692546905833 0.01068744741590744
0.3309203702790862 0.001817809176726559 0.01075017321439691
0.3357195904926609 0.001753173946507446 0.01082784516315999
0.3385555859304067 0.001722618777910786 0.008169314384336475
0.3405189032905054 0.001749060463000423 -0.01611921727638101
0.3444455380107029 0.001801943833179697 -0.01621577224123303
0.3464089194676039 0.001780790254920471 0.008049019624716278
0.3498993753909833 0.001743183893570735 0.008092237510325489
0.35469875228563 0.001691475146714849 0.008152425514990068
0.3577529012185869 0.001658569580533831 0.008191195340462322
0.3616796641323888 0.001616262424015379 0.008241587415204836
0.3651701200557682 0.001578656062665643 0.008286903732993104
0.36909688296957 0.001536348906147191 0.008338483959886256
0.3710602003296687 0.001562790591236828 -0.01595184313701992
0.3747685407017432 0.001622724280314946 -0.01875584789162009
0.3786950187427632 0.001686183480515305 -0.01887438782823036
0.3824035070896164 0.001736128885684619 -0.01627814477283353
0.386330141809814 0.001789012255863894 -0.01638230669252731
0.3900387512284046 0.001828969014797988 -0.01377212871639687
0.3939655141422064 0.00187127617131644 -0.01386136630414791
0.3959288315023052 0.001844834486226803 0.01041305430897252
0.3996371718743796 0.001784900797148685 0.01318742797016144
0.4042182457146101 0.001723203531939531 0.0105747145400488
0.4072722949414304 0.001682072021800096 0.0106292048149395
0.4092356763983313 0.001703225600059321 -0.01365671748462394
0.4131624393121331 0.001745532756577773 -0.01374810205772086
0.4168711428985415 0.001775500579412357 -0.01112500117816182
0.4205797523171321 0.00181545733834645 -0.0139068578568905
0.4225430696772309 0.001789015653256812 0.01036896295205118
0.4262514100493053 0.001729081964178694 0.01314680727181522
0.4310504387661075 0.001651520719489366 0.0132577100055615
0.4325775963222387 0.001655633989860448 -0.005611216744806316
0.435849898750407 0.001690889953625825 -0.01377086254076823
0.4397766616642088 0.001733197110144278 -0.01386738847810924
0.4434853652506171 0.001763164932978862 -0.01124844485155975
0.4474122278715201 0.001794895568921362 -0.01132838034306982
0.4493754668920301 0.001763165968821182 0.0129583467291134
0.45330194493305 0.001699706768620822 0.01305142487002436
0.4576646983119611 0.001629196546175978 0.01315642579891686
0.4591918558680924 0.001633309816547061 -0.00571352815315797
0.4626824004200061 0.001661514826273727 -0.01117245788743928
0.4663910098385967 0.00170147158520782 -0.01396223771928475
0.4703177727523985 0.001743778741726272 -0.01406574789584234
0.4759893521449829 0.001652115452547978 0.01300763846513615
0.4807883808617851 0.001574554207858649 0.01312787871589161
0.4840602915929566 0.001512858732975415 0.01592163439584744
0.4877686319650311 0.001452925043897297 0.01332400118850924
0.4914771203118843 0.001402979638727984 0.01070812249742455
0.4949674622853932 0.001355972198568628 0.01078213267905809
0.4969308437422941 0.001377125776827854 -0.01351107876107728
0.5008576066560959 0.001419432933346307 -0.01361737318574824
0.5045660950029491 0.001469378338515621 -0.01643287930481451
0.5082747044215398 0.001509335097449716 -0.01384309579527983
0.5122014673353416 0.001551642253968167 -0.01395453462773114
0.5163464889907391 0.001585135703018584 -0.01135763631059488
0.5200552598403624 0.001605114372353601 -0.008731179505926815
0.5235458676988313 0.001623917825845381 -0.008795145792902206
0.5255090141375341 0.00158690054091544 0.01550945068444213
0.52943530701494 0.001512865971055558 0.01563887542675447
0.5342341094206582 0.001422379274560148 0.01580002463449015
0.5370698991169504 0.001376547629970999 0.01318691085119648
0.5409963771579703 0.001313088429770639 0.01329972731411669
0.5429598084684218 0.001328953747741889 -0.01098795916987271
0.5466684178870125 0.001368910506675984 -0.01379329537423724
0.5503771214734208 0.001398878329510568 -0.01119144384570826
0.5543039840943238 0.001430608965453068 -0.01129004816772703
0.5580127549439471 0.001450587634788083 -0.008668774081113455
0.5619396887847247 0.001471741519966336 -0.00874648387789255
0.5656483923711331 0.00150170934280092 -0.01153757301962175
0.569575368944042 0.001512286323755132 -0.006206870214820508
0.5732841397936653 0.001532264993090149 -0.00897763530973146
0.5752472862323682 0.001495247708160208 0.0153336017426264
0.5789552499502499 0.001415338828078592 0.01818579473787481
0.5835359249738901 0.001328965163242063 0.01566280825523235
0.5870259630871396 0.001263156656699946 0.01579519193784859
0.5902980281213229 0.001210273989866315 0.01320642956764318
0.5922614594317743 0.001226139307837565 -0.01108738944631782
0.5961883220526774 0.001257869943780065 -0.01119520944189983
0.6001151846735804 0.001289600579722565 -0.01130514694422738
0.603823794092171 0.001329557338656661 -0.01412959949669166
0.6075324976785793 0.001359525161491244 -0.01154425934736782
0.6114593602994823 0.001391255797433744 -0.01166093415138444
0.6151681311491056 0.001411234466768759 -0.009053947768278524
0.6190950649898832 0.001432388351947012 -0.009147288729184662
0.6228038761976306 0.001442377722848213 -0.006517337003305366
0.6267308527705395 0.001452954703802425 -0.006585901865152065
0.6306578293434485 0.001463531684756638 -0.006655924700936903
0.6343666540039364 0.001463531684756638 -0.004002708956107537
0.6382936448209237 0.001463531684756638 -0.004046165285953291
0.6422206356379109 0.001463531684756638 -0.004090575554458117
0.6459294468456582 0.001453542313855435 -0.00141180114892158
0.6496382715061462 0.001453542313855435 -0.004148666525056438
0.6537834134442168 0.001442377722848211 -0.001472680426465206
0.6572740592868025 0.00143297596200002 -0.001487679517729229
0.6612010358597115 0.001422398981045808 -0.00150492292984753
0.6651280124326204 0.001411822000091595 -0.001522570759444646
0.6690549890055294 0.001401245019137382 -0.001540637402807991
0.6725456348481151 0.001391843258289194 -0.001557060419012792
0.6764726114210241 0.001381266277334981 -0.00157595991248976
0.6803995879939331 0.001370689296380768 -0.001595323844433124
0.6841083588435564 0.001350710627045752 0.001110977790982604
0.6880353496605436 0.001350710627045752 -0.004329664227752905
0.6919622835013212 0.001329556741867499 0.001070631360585454
0.6956710947090686 0.001319567370966296 -0.001642554410477793
0.6993798655586919 0.001299588701631281 0.001063819461641319
0.7033067993994695 0.001278434816453028 0.001077899897857447
0.7070156106072168 0.001268445445551827 -0.001635959618221944
0.7109425871801258 0.001257868464597615 -0.001658184734826402
0.7146513580297491 0.001237889795262598 0.001048679828086903
0.7185782918705267 0.001216735910084345 0.001063313087325875
0.7225052257113043 0.001195582024906094 0.001078360510102766
0.7262139292977126 0.00116561420207151 0.003822863292958089
0.7299227001473358 0.001145635532736493 0.00114496398744307
0.7338496339881134 0.001124481647558242 0.001161857527811893
0.7375584451958609 0.001114492276657042 -0.001553195501817559
0.7412672160454842 0.001094513607322025 0.001156558169391286
0.7451941498862618 0.001073359722143774 0.001174382532528629
0.7491210837270393 0.001052205836965523 0.001192764897490757
0.7530480175678169 0.00103105195178727 0.001211731883780839
0.7565386254262859 0.001012248498295491 0.001229105089769842
0.7604655592670635 0.0009910946131172381 0.001249255185330523
0.7643924931078411 0.0009699407279389848 0.001270076978571226
0.7681013043155884 0.0009599513570377841 -0.001446095935058007
0.7718100751652117 0.0009399726877027673 0.001267586106094855
0.7763915478336055 0.0009523124988160153 -0.00695222304739593
0.7818457017460878 0.0009523124988160153 -0.004365288501867132
0.7866453571890721 0.0009523124988160153 -0.004463489343551245
0.7916631605877892 0.000938797467596741 -0.001812712170752526
0.7966809093843383 0.0009117675032023092 0.0009024321482655195
0.8014804951897332 0.0008859127546511133 0.0009242502545543903
0.8062800809951279 0.0008600580060999178 0.0009471494919563121
0.8106433408182141 0.0008365536892351897 0.0009689743295749646
0.8154429266236088 0.000810698940683989 0.0009941735659627169
0.819806186446695 0.0007871946238192657 0.001018246858616859
0.8241692563509193 0.0007401866721320939 0.006564007776225216
0.8283142780063167 0.0007066932230816781 0.003964048619769621
0.8324591944153298 0.0006620356689788652 0.006822168812956457
0.8366042160707274 0.0006285422199284479 0.004233500125246195
0.8405310786916305 0.0005968115839859475 0.0043377508464796
0.8442396881102211 0.0005568548250518523 0.007198577409171133
0.8479483916966294 0.0005268870022172689 0.00461505655963894
0.85165700111522 0.0004869302432831737 0.007491187238092004
0.8551474570385994 0.0004493238819334374 0.007671707411718023
0.8586379129619788 0.0004117175205837011 0.007861142465893225
0.8621283688853583 0.0003741111592339677 0.008060169489168056
0.8654007544027774 0.0003476689626152174 0.005497240365948361
0.8684549808857018 0.0003229895791043848 0.005624879026903153
0.8717274257530165 0.0003053613414558418 0.003006257078721283
0.8747817076291768 0.0002889083196505322 0.003079585434320852
0.8776177750776067 0.0002659917492476158 0.005906780603403902
0.8806720015605314 0.0002413123657367817 0.006057969705764292
0.8835081204455374 0.0002260345597747087 0.003446475051862288
0.8863441878939673 0.0002031179893717922 0.006293097476145461
0.8889620963079026 0.000181964232076792 0.006441471673706941
0.8915800047218378 0.0001608104747817918 0.006597011233201356
0.8941979131357731 0.0001396567174867916 0.006760248039686799
0.8968158215497084 0.0001185029601917914 0.006931767955415558
0.8992156144524058 0.0001055755859161936 0.004339279948414185
0.9016153638318465 8.61846417291e-05 0.007204231287288978
0.9040151567345439 7.32572674535e-05 0.004623601792482629
0.9064149061139846 5.38663232664e-05 0.00750464151127138
0.9085964964589308 3.62381921873e-05 0.007683764109728733
0.9107780868038768 1.86100611081e-05 0.007871646290399324
0.9127415537242656 8.03311851897e-06 0.005294757464990178
0.9149231836358087 -3.71903991339e-06 0.00543053258449843
0.9171048135473518 -1.54711983458e-05 0.00557345434299604
0.9190683018338064 -2.07596888229e-05 0.002949918084994861
0.9210317687541951 -3.1336631412e-05 0.005783644456561547
0.9227770726834296 -4.07383581579e-05 0.005914360897275138
0.9247405609698841 -4.6026848635e-05 0.003304985023421973
0.926485883891177 -5.07277290591e-05 0.003383449888071542
0.9282312068124698 -5.54286094832e-05 0.00346573106877033
0.9299765297337627 -6.01294899073e-05 0.003552113926679112
0.9317218526550555 -6.48303703314e-05 0.003642913000178584
0.9332489935931356 -7.3056881234e-05 0.006481286852523806
0.9347761511492668 -7.71701516051e-05 0.00387656729407509
0.9365214740705597 -8.18710320292e-05 0.003983152373613398
0.9378304662615294 -8.53966923473e-05 0.004067018461252158
0.9395757891828223 -9.00975727714e-05 0.004184492214733575
0.9408847813737919 -9.36232330894e-05 0.004277149651870458
0.9421937735647615 -9.71488934075e-05 0.004374003419687316
0.9435027657557312 -0.0001006745537255754 0.004475345190253491
0.9450299288512263 -0.0001006745537255754 0.001831440983458436
0.9463389257902221 -0.0001006745537255754 0.001876116665376852
0.9476479227292178 -0.0001006745537255754 0.001923026456154261
0.9504840724763188 -9.30356230364e-05 -0.000814508585560175
0.9522293447522757 -0.0001071381278997535 0.01032298453315018
0.9531019808902541 -0.0001141893803314197 0.01051506763099287
0.9544109350972217 -0.0001247662589789198 0.01081697964419467
0.9552835712352001 -0.0001318175114105861 0.01102807365888015
0.9563743861909717 -0.0001376935906267685 0.008543063861012803
0.957247038155589 -0.0001423944539997133 0.008717440028422296
0.9583378649813971 -0.0001453325042647716 0.006181754684831529
0.9592105264420435 -0.0001476829444768195 0.006314007652794601
0.9605195186330132 -0.000151208604794891 0.006523349102826745
0.961174017102511 -0.000151208604794891 0.00389450128605822
0.9620466817285082 -0.000151208604794891 0.003984047025514184
0.9629193463545055 -0.000151208604794891 0.004077807476501783
0.9637920109805026 -0.000151208604794891 0.004176087374011698
0.9646646756064997 -0.000151208604794891 0.004279221555908624
0.965537340232497 -0.000151208604794891 0.004387578774122901
0.9664100048584942 -0.000151208604794891 0.004501566099902187
0.9672826694844913 -0.000151208604794891 0.00462163403403465
0.9679371655799762 -0.000149445774635855 0.001967585083097525
0.9688098270406226 -0.0001470953344238074 0.002022635168952785
0.9694643255101205 -0.0001470953344238074 0.004817126168373165
0.9701188216056053 -0.0001453325042647719 0.00217023279660725
0.9709914830662517 -0.000142982064052725 0.002235519171140995
0.9714278137965749 -0.0001418068439467013 0.002269657840757723
0.9723004752572214 -0.0001394564037346544 0.00234116171415463
0.9729549642306843 -0.0001359307562049464 -0.0003607720220922435
0.9736094603261691 -0.0001341679260459106 0.002390487079468927
0.9742639492996321 -0.0001306422785162021 -0.0003106258350815084
0.974918445395117 -0.0001288794483571663 0.002444960914016975
0.9753547761254402 -0.0001277042282511422 0.002488247194229899
0.9760092650989032 -0.0001241785807214337 -0.0002107591605698877
0.976663761194388 -0.0001224157505623979 0.002552278653844714
0.9771000919247113 -0.0001212405304563747 0.002600908754396229
0.9777545808981742 -0.0001177148829266654 -9.52220732169e-05
0.9781909068804828 -0.0001153644512401932 -9.71271449162e-05
0.9786272328627915 -0.0001130140195537206 -9.91100009027e-05
0.9792817289582764 -0.0001112511893946848 0.002676253019067308
0.9797180596885996 -0.0001100759692886615 0.002733827248212219
0.9803725486620626 -0.0001065503217589523 4.17656674797e-05
0.9808088746443712 -0.0001041998900724801 4.27152439823e-05
0.9812452006266799 -0.0001018494583860074 4.37090038198e-05
0.9818996777301636 -9.65610190623e-05 -0.002745510680078343
0.9825541667036266 -9.30353715325e-05 -5.40559484343e-05
0.9836449935294346 -9.00973212675e-05 0.002815387617447043
0.9838631565205889 -8.89221054243e-05 0.00012362736923624
0.9842994825028974 -8.65716737378e-05 0.0001270630391659354
0.9847358084852061 -8.42212420513e-05 0.0001306951257831991
0.9847358084852061 -8.42212420513e-05 0.0001306951257831991
0.9851721344675147 -8.18708103648e-05 0.0001345409683955849
0.9856084604498233 -7.95203786784e-05 0.000138620009100773
0.986044786432132 -7.71699469919e-05 0.0001429541215065824
0.986044786432132 -7.71699469919e-05 0.0001429541215065824
0.9864811124144406 -7.48195153054e-05 0.0001475680031300898
0.9869174383967492 -7.24690836189e-05 0.0001524896463080587
0.9873537643790579 -7.01186519325e-05 0.0001577509065823195
0.9873537643790579 -7.01186519325e-05 0.0001577509065823195
0.9877900903613664 -6.7768220246e-05 0.0001633881929761112
0.988226416343675 -6.54177885595e-05 0.0001694433117471091
0.988226416343675 -6.54177885595e-05 0.0001694433117471091
0.9886627423259837 -6.30673568731e-05 0.0001759645049660705
0.9890990683082923 -6.07169251866e-05 0.0001830077385416694
0.9890990683082923 -6.07169251866e-05 0.0001830077385416694
0.9895353942906009 -5.83664935001e-05 0.0001906383124610457
0.9895353942906009 -5.83664935001e-05 0.0001906383124610457
0.9899717202729096 -5.60160618136e-05 0.000198932891384538
0.9899717202729096 -5.60160618136e-05 0.000198932891384538
0.9904080462552182 -5.36656301272e-05 0.0002079820894779396
0.9906262052897127 -5.19028170192e-05 -0.002543272259144516
0.990844368280867 -5.0727601176e-05 0.0001537145862977925
0.990844368280867 -5.0727601176e-05 0.0001537145862977925
0.990844368280867 -5.0727601176e-05 0.0001537145862977925
0.990844368280867 -5.0727601176e-05 0.0001537145862977925
0.990844368280867 -5.0727601176e-05 0.0001537145862977925
0.990844368280867 -5.0727601176e-05 0.0001537145862977925
0.990844368280867 -5.0727601176e-05 0.0001537145862977925
0.990844368280867 -5.0727601176e-05 0.0001537145862977925
0.990844368280867 -5.0727601176e-05 0.0001537145862977925
0.990844368280867 -5.0727601176e-05 0.0001537145862977925
0.990844368280867 -5.0727601176e-05 0.0001537145862977925
0.990844368280867 -5.0727601176e-05 0.0001537145862977925
0.990844368280867 -5.0727601176e-05 0.0001537145862977925
0.990844368280867 -5.0727601176e-05 0.0001537145862977925
0.990844368280867 -5.0727601176e-05 0.0001537145862977925
0.990844368280867 -5.0727601176e-05 0.0001537145862977925
0.990844368280867 -5.0727601176e-05 0.0001537145862977925
0.990844368280867 -5.0727601176e-05 0.0001537145862977925
0.990844368280867 -5.0727601176e-05 0.0001537145862977925
0.990844368280867 -5.0727601176e-05 0.0001537145862977925
0.990844368280867 -5.0727601176e-05 0.0001537145862977925
0.990844368280867 -5.0727601176e-05 0.0001537145862977925
0.990844368280867 -5.0727601176e-05 0.0001537145862977925
0.990844368280867 -5.0727601176e-05 0.0001537145862977925
0.990844368280867 -5.0727601176e-05 0.0001537145862977925
0.990844368280867 -5.0727601176e-05 0.0001537145862977925
0.990844368280867 -5.0727601176e-05 0.0001537145862977925
0.990844368280867 -5.0727601176e-05 0.0001537145862977925
0.990844368280867 -5.0727601176e-05 0.0001537145862977925
0.990844368280867 -5.0727601176e-05 0.0001537145862977925
0.990844368280867 -5.0727601176e-05 0.0001537145862977925
0.990844368280867 -5.0727601176e-05 0.0001537145862977925
0.990844368280867 -5.0727601176e-05 0.0001537145862977925
0.990844368280867 -5.0727601176e-05 0.0001537145862977925
0.990844368280867 -5.0727601176e-05 0.0001537145862977925
0.990844368280867 -5.0727601176e-05 0.0001537145862977925
0.990844368280867 -5.0727601176e-05 0.0001537145862977925
0.990844368280867 -5.0727601176e-05 0.0001537145862977925
0.990844368280867 -5.0727601176e-05 0.0001537145862977925
0.990844368280867 -5.0727601176e-05 0.0001537145862977925
0.990844368280867 -5.0727601176e-05 0.0001537145862977925
0.990844368280867 -5.0727601176e-05 0.0001537145862977925
0.990844368280867 -5.0727601176e-05 0.0001537145862977925
0.990844368280867 -5.0727601176e-05 0.0001537145862977925
0.990844368280867 -5.0727601176e-05 0.0001537145862977925
0.990844368280867 -5.0727601176e-05 0.0001537145862977925
0.990844368280867 -5.0727601176e-05 0.0001537145862977925
0.990844368280867 -5.0727601176e-05 0.0001537145862977925
0.990844368280867 -5.0727601176e-05 0.0001537145862977925