0.0 0.0 3.141592653589793
0.007601911972600884 0.0007187575160490781 3.048036661394025
0.0177393053703259 0.002259491561242269 2.992981835311119
0.02414038547680836 0.003624408455379207 2.935045686540227
0.02922328891879731 0.004881253863621874 2.903928435281311
0.03134395561061742 0.005393523291142255 2.909802190770274
0.03981793237496867 0.00825732966781785 2.823631086869632
0.04168309239455931 0.008870919368266082 2.832286093983404
0.04537901047541704 0.01019811431110267 2.806591371557166
0.0533077898915449 0.01384349658420714 2.723789281366884
0.06088848496993055 0.01770708245742449 2.686935274161569
0.06594479373022563 0.02072893117851279 2.622354868432033
0.0676383139498201 0.02172256264188351 2.63133457535497
0.07543882235801778 0.02731709908908952 2.54481052150435
0.08072581755468097 0.03153466844006745 2.497411198798389
0.08244585821572455 0.0328767218326432 2.509377246415707
0.08869413778681168 0.03865194789512078 2.431006397703449
0.09046085397393938 0.04027610521723689 2.435129833286978
0.09342801169779492 0.04317063477773692 2.408045594936874
0.1001867413308837 0.05088167751170382 2.336690590299158
0.1006168223616232 0.05137503190113715 2.334426434774728
0.1058015823384317 0.05839447767196275 2.259737982155901
0.1069724030008345 0.05997070519223581 2.263795543380162
0.1123622945747957 0.06920261711300281 2.161375463829537
0.1152701486900555 0.07457476923000751 2.133689935330596
0.1179438642530809 0.08006720757849242 2.095325757277143
0.1207240486630845 0.08670822651250812 2.044480406498401
0.1218263152304715 0.08932142611369892 2.049413412221819
0.1246032423496425 0.09782426945817291 1.973231083839955
0.1252917032966969 0.09989445512823926 1.980390681113629
0.1264826866590012 0.1038648310506877 1.954166035492099
0.1282391441580379 0.112190039199753 1.877839885049372
0.1287010103592409 0.1143222509144646 1.885056665110939
0.1298025009206714 0.1227591313933066 1.808849455634626
0.1301195859366734 0.1251379189385635 1.81359261355739
0.1305453217609435 0.1292611549665854 1.787525443889778
0.1308414326708775 0.1390741654021452 1.723330953409562
0.1308594112984691 0.1397284168947113 1.721205501897058
0.1303217039749721 0.1488756048321579 1.643037030940755
0.1296278414099647 0.1551642602973372 1.597409749628727
0.1293243935517141 0.1579841402838908 1.602589252289271
0.1272184474340153 0.1680193581314318 1.511909676822204
0.125636978397753 0.1741453346663355 1.471645919738148
0.1236136860717145 0.1805987444319743 1.42634698751954
0.1229142699416984 0.1828943903475971 1.436516981142853
0.119499155689145 0.1913971646578277 1.358200513055081
0.1187820915836427 0.1932250413735216 1.367974125291799
0.1147892110737528 0.2012292011919906 1.286654275509314
0.1139269506134669 0.2029932366558641 1.296402964287349
0.1092093602456033 0.21084845896015 1.217807541541712
0.1083188445375355 0.2123495105820311 1.22464848289103
0.1026865560545864 0.2201228043453155 1.140804717892411
0.1015473820128681 0.2217220531445493 1.150479151158621
0.09589132570736131 0.2283676066967836 1.071106923915372
0.09463083640872172 0.2298730903224636 1.0807347217727
0.08864367137123752 0.2359185918306193 1.003655123093392
0.08711687334366831 0.2374769675770867 1.010701240317834
0.08049575594432146 0.2431616099871899 0.9308025643673234
0.07496168673894708 0.2474175311795994 0.8818000196704912
0.06846324389240782 0.2518283438118783 0.8277885643781859
0.06230731453437596 0.2555615852418562 0.7812319770330056
0.05616950318654337 0.258888153898038 0.7370450542560407
0.05387457715169346 0.2601479977136631 0.744062425632956
0.04547275669745558 0.263804442624155 0.657646254051647
0.04388000614420162 0.2645181091239827 0.669424338806877
0.03563864395534364 0.2673876568616478 0.5877285262925795
0.03358219771599658 0.2681161320148567 0.5942573596476048
0.02963566309506528 0.2693838823138646 0.5667139544976711
0.0204846104195722 0.2714488547993 0.481916764244616
0.01878632674344623 0.2718513554244809 0.4934733223091214
0.01059148316508731 0.2731058848444652 0.4158471594448656
0.008434945381308682 0.2734360241655138 0.4166906454920998
0.004320740228123496 0.2739416349766607 0.3885661765196531
-0.005703884052967276 0.274411786484098 0.3161479585115661
-0.01093946994092025 0.2743469159154911 0.2581890720318478
-0.01355739962582264 0.274328582609516 0.2642420622406281
-0.01769977595803581 0.2741767779417222 0.2355594243602885
-0.02833219559900978 0.2730673720330986 0.1699975544885852
-0.02854912198664601 0.2730441467410925 0.1673401478182184
-0.03799898410662653 0.2713568781202627 0.09824458400606062
-0.04015259638521219 0.271008164286737 0.1146547450433282
-0.04804453109505909 0.2693120108482873 0.06399757277886842
-0.05147227050400027 0.2686522386634689 0.08584737532760567
-0.05889653126916394 0.2668672932590095 0.04037203312948634
-0.06252255532503953 0.2660879795170191 0.06485845187273043
-0.07420419103372375 0.2633459520753884 0.04657789353168607
-0.07902418869768962 0.261950905078471 -0.004620973898516567
-0.08552574808348867 0.2600881289263859 -0.001941276387897872
-0.09181757974716512 0.258285442327594 -0.001954732928754588
-0.09604877969870518 0.257219827149982 0.03050713696109142
-0.1038026889842155 0.2549756211114626 -0.004546231439592319
-0.1069717377194283 0.2541593268763839 0.02516966161879886
-0.1140800558403498 0.2520395780844858 -0.01263903878539452
-0.1180913847697864 0.250994797459326 0.02247642588720566
-0.1254087710707349 0.248812703114725 -0.01264317988181674
-0.1287843503220645 0.247923792821466 0.01975355844773841
-0.1363108048030402 0.2456793529241622 -0.01267727174273237
-0.1398948009146787 0.2447252291198247 0.01702052775799157
-0.1441112669283711 0.2436027305264864 0.01710397992140944
-0.1518342511808071 0.2412543088889017 -0.01807428520309529
-0.1552049930808735 0.2403472279473069 0.01430324455837972
-0.1627192480291897 0.238062277164792 -0.01818022713310796
-0.1656686471917479 0.2372685813408966 0.01419047532751527
-0.1725510478011616 0.2351554983592976 -0.02099811657891237
-0.1767614059715394 0.2340103028241151 0.011380520383522
-0.1838523641751778 0.2318331870248919 -0.02112345457019416
-0.1876416865285179 0.2308025110432275 0.01124952489711539
-0.1953519082687971 0.2284125213639658 -0.02399411964529197
-0.1987226501688635 0.227505440422371 0.01377107924809096
-0.2029360775439466 0.2263715892453775 0.01384359526847057
-0.2130483032441461 0.2236503464205932 0.01402078934119011
-0.2136798569697028 0.2234785670903158 0.01133644905431375
-0.2239876401032152 0.2206450647055748 0.00875756313002185
-0.2281411676129691 0.2193083530828278 -0.03452366628011916
-0.2350004036524359 0.2171212456802383 -0.03211838388346067
-0.241674246667625 0.2150721955162636 -0.02153378047863264
-0.2489797723118212 0.2128507155888186 -0.01902465634872641
-0.256506226792797 0.2106062756915147 -0.01377644448485249
-0.2611541649377757 0.2094090441467326 0.02408084177193359
-0.2688958726502624 0.2071231019677451 -0.01104962329691705
-0.2720649213854752 0.2063068077326664 0.02406834100369171
-0.2793881584108005 0.2041444299957864 -0.01105757339000402
-0.2831883647650036 0.2031546378245823 0.02137540539603222
-0.2903023664467482 0.201054042308756 -0.01105557358039722
-0.294310866807702 0.199998461335511 0.01867687935981266
-0.3018373212886777 0.1977540214382072 -0.01379170683418884
-0.3052129005400072 0.1968651111449482 0.01861876612959712
-0.3121065840333719 0.1947891328866583 -0.01656065183210487
-0.3163230500470643 0.19366663429332 0.01585703254846749
-0.3232111170830208 0.1915720960760147 -0.01935336238739094
-0.3272167597960286 0.1905057224123434 0.01575379544178013
-0.3341048268319851 0.1884111841950381 -0.01946088703310345
-0.3383182542070682 0.1872773330180446 0.01294162024153689
-0.345200654816482 0.1851642500364456 -0.02230621281765366
-0.349203410822811 0.1840870914183018 0.01278599302007333
-0.356502926620674 0.1818459428014545 -0.02248213138038846
-0.3600843398894947 0.18088216930101 0.01260208363534865
-0.3645116292038716 0.1797035457780048 0.01540159919452933
-0.3722346134563077 0.1773551241404201 -0.01985539820056914
-0.375392382084091 0.1764962274890332 0.009821373281999612
-0.3831026038243701 0.1741062378097714 -0.02551017291113133
-0.3891507740568853 0.1722492860986693 -0.02304419655895451
-0.3931535300632142 0.1711721274805255 0.01204881612648023
-0.4004650125561768 0.1689703323580968 -0.01779416684375335
-0.4040515655107145 0.1680258651715091 0.01732329597960724
-0.4115534028796347 0.1657004698079031 -0.02610230885178844
-0.4184470863729995 0.1636244915496132 -0.01823683922270014
-0.4253351534089559 0.1615299533323079 -0.02118266453037698
-0.4324434715298774 0.1594102045404098 -0.01599458970703083
-0.4403751850864334 0.1569983120477552 -0.0216863566188934
-0.4450295050331274 0.155826135352382 0.0270180931380839
-0.4525797030295391 0.1536629114338317 -0.005376068386503619
-0.4555415429956171 0.1529169808095033 0.02709035161828766
-0.4663237448931619 0.1501706112967148 0.02488652390976753
-0.4698779039536227 0.1491107369007657 -0.0156191002045416
-0.4738892328830592 0.1480659562756059 0.01954230987198535
-0.4818401759391267 0.1457182318755648 -0.0129754138146021
-0.4850047814872481 0.1448848784756345 0.01675394421147569
-0.4929493723282781 0.1425157474729249 -0.01581198449707877
-0.4963249515796076 0.1416268371796659 0.01661906427199433
-0.504054233072168 0.1392992251930984 -0.01868349262909241
-0.5076407860267057 0.1383547580065107 0.01644925282177567
-0.5151672405076814 0.1361103181092069 -0.01611918987159466
-0.5189647671654272 0.1351102940292906 0.01632905390762929
-0.5262762496583898 0.1329084989068618 -0.01897523615513208
-0.5296494224693437 0.1320105000321912 0.01344103201640134
-0.5375876034617031 0.1296199796135543 -0.01920578410261964
-0.5432324443224349 0.1279366496905764 -0.01671741800348148
-0.5474519183865969 0.1268255118240027 0.0157483509139178
-0.5549783728675726 0.1245810719266989 -0.01685420153290096
-0.5583539521189023 0.1236921616334399 0.01558442118466807
-0.5662985429599321 0.1213230306307303 -0.0170445710695688
-0.5696741222112616 0.1204341203374713 0.01539566763561062
-0.5802228073716664 0.1176562756710371 0.01578087811958806
-0.5845952097440303 0.1162880134241253 -0.03032572827701863
-0.5912799937375962 0.1142749435979048 -0.01987370349185102
-0.59528849409855 0.1132193626246598 0.01528995247645604
-0.6030302018110367 0.1109334204456723 -0.01461832865189905
-0.6092971868050047 0.1090461674835905 -0.02032791201220618
-0.6137338550343026 0.1079033555544803 0.02030252139735822
-0.6210570920596279 0.1057409778176003 -0.01499732868765591
-0.627538205640468 0.1038082656838109 -0.0180001563688208
-0.6319779358335748 0.1026774076491333 0.02266957164025563
-0.6401445744142121 0.1002898884420001 -0.01262590886157966
-0.6435248930651059 0.09941917459124944 0.01988075823831892
-0.6512666007775926 0.09713323241226202 -0.01547100232462473
-0.6546445619813286 0.09625341714896953 0.01701395872589462
-0.6625955050373959 0.0939056927489284 -0.01566927240519878
-0.6659734662411322 0.09302587748563587 0.01681926603116146
-0.6733025008647811 0.09088323204333691 -0.01309664047950232
-0.6764693394932836 0.09005840523400019 0.01669193917191159
-0.6846229985143405 0.08762692867858769 -0.01879862844739755
-0.6906908234781814 0.08583524426802998 -0.01642263643314479
-0.6944910298323845 0.08484545209682591 0.01609517037180908
-0.705265795532108 0.08207005169755822 0.01947182929919933
-0.7092348860282878 0.08087479148823976 -0.02121674640769111
-0.7130350923824909 0.07988499931703569 0.01670837976490525
-0.7207706150434936 0.07757821386702897 -0.0188158003063208
-0.7243596988224631 0.07664341014978068 0.0164085014271862
-0.7318921711913691 0.07441925019184699 -0.01636154975369486
-0.737955148412155 0.07261122916346333 -0.01949828970218892
-0.7423887224920587 0.07145647163039191 0.01578192614413609
-0.7505423815131157 0.06902499507497939 -0.01986457724942703
-0.7588494365326234 0.06635157182948538 -0.04285633723211912
-0.7699563876713275 0.06313689831484948 -0.0138700321169889
-0.7758421670840746 0.06150189537040105 -0.003177768953848137
-0.779233904799682 0.06067678200849584 0.02958740240361912
-0.7904772251857608 0.0571583933735799 -0.03695557316857823
-0.7990626657448924 0.05464843728402968 -0.01887922702125877
-0.8035143214966272 0.05356547599652908 0.02751400252358405
-0.8139925772878573 0.05053276513366504 -0.01646226466936884
-0.8215485743384652 0.04838988481082513 -0.01154589761334357
-0.8257882464829744 0.0473584931084436 0.02679406559181885
-0.8339801328806965 0.04505909516158847 -0.008626828830777811
-0.8380078214179801 0.04407927304432605 0.02703894690055275
-0.8466066580250048 0.04161560135931037 -0.01411417546442983
-0.8529081091001756 0.03984683370788337 -0.00910217377913547
-0.8565118304230084 0.03897015076085907 0.02655842813620879
-0.8634434266056962 0.03702450634428937 -0.008886161980015572
-0.8666189676595175 0.03623384511476544 0.02123239459043802
-0.8731304671038606 0.03440611854162422 -0.008827027525994069
-0.8756691870747847 0.03376674943505702 0.01847499197155322
-0.8821757400905857 0.03192149137927825 -0.01177038089993943
-0.8868002810577442 0.03063684620864018 -0.006644823328736393
-0.8899736810213992 0.02983763482543121 0.01810094128666506
-0.8958550353582253 0.02818678501743265 -0.009333263250537627
-0.9000622937800671 0.0270302534318241 -0.004112771183393704
-0.9026010137509911 0.02639088432525691 0.01788679403906279
-0.9078561739409439 0.02493106026771367 -0.006716931541188131
-0.9116398892777098 0.02387998694628258 -0.007005111327043956
-0.9152160589362753 0.02289693509851529 -0.004493790973137735
-0.9177547789071995 0.02225756599194807 0.01757744852724752
-0.9217546191690583 0.02116963023352464 -0.001341689976179339
-0.9234459449569085 0.02073882717269506 0.01514484797920268
-0.9289427537674215 0.01933871722499891 0.01631134761359299
-0.9306244050282064 0.01887157352658506 -0.005363031656427708
-0.9323133856300743 0.01843166589493886 0.01106605370377078
-0.9356766881516441 0.01749737849811119 -0.005361167407190948
-0.9369434236030451 0.0171674477743765 0.01101559436021304
-0.940306726124615 0.01623316037754879 -0.005435171101487057
-0.942408790200596 0.01564923075453152 -0.005633859769215377
-0.9438856061230525 0.01526033250123076 0.008038895194965257
-0.9470387022370242 0.0143844380667048 -0.005751830566020466
-0.9493526943690372 0.01374834569462008 -0.003198277382573167
-0.9506185365882859 0.01341500433464795 0.007769141420308046
-0.9531428916413908 0.01272108538328285 -0.003166498398035067
-0.9548257950101277 0.01225847274903937 -0.003284567650314152
-0.9560916372293761 0.01192513138906731 0.007704527009639861
-0.9586159922824813 0.01123121243770214 -0.003256487231579897
-0.9600896176421135 0.01083039400038821 -0.000583871916148837
-0.961144486158154 0.01055260953374481 0.007699450285320708
-0.963248115369075 0.009974343740940519 -0.003250305481781623
-0.9647217407287072 0.009573525303626595 -0.0005801621881422747
-0.9661942811763518 0.009168739248663607 -0.003416297576166016
-0.9672483976797749 0.008888114600329025 0.004813845272565231
-0.968932540947926 0.008430036386255989 -0.0006040389536634549
-0.9701956483990393 0.00808647772570123 -0.0006296424823339919
-0.9708285695086636 0.007919807045715174 0.007611907772375304
-0.9725114728774003 0.007457194411471751 -0.003355474213986298
-0.9735640624199947 0.007170895527676083 -0.0006884309844981118
-0.974196983529619 0.007004224847690026 0.007572741701928898
-0.9756706088892512 0.006603406410376127 -0.0005382291347117985
-0.9765126805233268 0.006374367303339574 -0.0005575287454977484
-0.9771446946295893 0.006204289626790551 0.002194908685375196
-0.9781972841721837 0.005917990742994929 -0.0005225706400668884
-0.9790393558062593 0.005688951635958376 -0.000543567460718819
-0.9798826490089978 0.005464451917290714 0.005045997911167888
-0.9813573485902768 0.005067604005343011 0.002538558737725793
-0.981778074432461 0.004951950846782137 -0.002914075695727547
-0.9824096281580175 0.004780171516504793 -0.0002285895155997864
-0.9830416422642799 0.004610093839955771 0.002556616594371341
-0.9838830939486484 0.004378787522834023 -0.002978084944475157
-0.9847257794236649 0.004152017287435366 0.002541533189136302
-0.9853573331492216 0.003980237957157975 -0.0001584270117067632
-0.9855680045179758 0.003923545398308293 0.002571961013904556
-0.9864094562023442 0.003692239081186545 -0.002989280363596691
-0.9870410099279007 0.003520459750909201 -0.0003102914538706258
-0.9872516812966549 0.00346376719205952 0.002422474092706572
-0.9878832350222115 0.003291987861782128 -0.0002850581106654815
-0.9883042708392493 0.003177468308263851 -0.0002953207720786111
-0.9887259174406186 0.003065218448930032 0.005281646864215617
-0.9893570062038948 0.002891738711088769 -0.002964660588765433
-0.9895675241124137 0.002834478934329631 -0.0002767252653548269
-0.9899885599294515 0.002719959380811355 -0.0002883639885995493
-0.9904095957464892 0.002605439827293101 -0.0003010247167605229
-0.9906202671152434 0.002548747268443419 0.002446082654265602
-0.9908307850237623 0.002491487491684281 -0.0002530055004275056
-0.9908307850237623 0.002491487491684281 -0.0002530055004275056
-0.9908307850237623 0.002491487491684281 -0.0002530055004275056
-0.9908307850237623 0.002491487491684281 -0.0002530055004275056
-0.9908307850237623 0.002491487491684281 -0.0002530055004275056
-0.9908307850237623 0.002491487491684281 -0.0002530055004275056
-0.9908307850237623 0.002491487491684281 -0.0002530055004275056
-0.9908307850237623 0.002491487491684281 -0.0002530055004275056
-0.9908307850237623 0.002491487491684281 -0.0002530055004275056
-0.9908307850237623 0.002491487491684281 -0.0002530055004275056
-0.9908307850237623 0.002491487491684281 -0.0002530055004275056
-0.9908307850237623 0.002491487491684281 -0.0002530055004275056
-0.9908307850237623 0.002491487491684281 -0.0002530055004275056
-0.9908307850237623 0.002491487491684281 -0.0002530055004275056
-0.9908307850237623 0.002491487491684281 -0.0002530055004275056
-0.9908307850237623 0.002491487491684281 -0.0002530055004275056
-0.9908307850237623 0.002491487491684281 -0.0002530055004275056
-0.9908307850237623 0.002491487491684281 -0.0002530055004275056
-0.9908307850237623 0.002491487491684281 -0.0002530055004275056
-0.9908307850237623 0.002491487491684281 -0.0002530055004275056
-0.9908307850237623 0.002491487491684281 -0.0002530055004275056
-0.9908307850237623 0.002491487491684281 -0.0002530055004275056
-0.9908307850237623 0.002491487491684281 -0.0002530055004275056
-0.9908307850237623 0.002491487491684281 -0.0002530055004275056
-0.9908307850237623 0.002491487491684281 -0.0002530055004275056
-0.9908307850237623 0.002491487491684281 -0.0002530055004275056
-0.9908307850237623 0.002491487491684281 -0.0002530055004275056
-0.9908307850237623 0.002491487491684281 -0.0002530055004275056
-0.9908307850237623 0.002491487491684281 -0.0002530055004275056
-0.9908307850237623 0.002491487491684281 -0.0002530055004275056
-0.9908307850237623 0.002491487491684281 -0.0002530055004275056
-0.9908307850237623 0.002491487491684281 -0.0002530055004275056
-0.9910414563925165 0.002434794932834599 0.00249775418030751
-0.9910414563925165 0.002434794932834599 0.00249775418030751
-0.9910414563925165 0.002434794932834599 0.00249775418030751
-0.9910414563925165 0.002434794932834599 0.00249775418030751
-0.9910414563925165 0.002434794932834599 0.00249775418030751
-0.9910414563925165 0.002434794932834599 0.00249775418030751
-0.9910414563925165 0.002434794932834599 0.00249775418030751
-0.9910414563925165 0.002434794932834599 0.00249775418030751
-0.9910414563925165 0.002434794932834599 0.00249775418030751
-0.9910414563925165 0.002434794932834599 0.00249775418030751
-0.9910414563925165 0.002434794932834599 0.00249775418030751
-0.9910414563925165 0.002434794932834599 0.00249775418030751
-0.9910414563925165 0.002434794932834599 0.00249775418030751
-0.9910414563925165 0.002434794932834599 0.00249775418030751
-0.9910414563925165 0.002434794932834599 0.00249775418030751
-0.9910414563925165 0.002434794932834599 0.00249775418030751
-0.9910414563925165 0.002434794932834599 0.00249775418030751