10.86960440108936 0.0
10.86960440108936 0.01899981498718262
10.87047725610124 0.0318000316619873
10.64473403664259 0.04879999160766602
10.42820509804992 0.08899998664855957
10.38145449241797 0.0998997688293457
10.23895703200939 0.1101999282836914
10.28977460911613 0.1233000755310059
10.13621416282841 0.1339998245239258
9.919186716367403 0.1466000080108643
9.969307156270986 0.1592998504638672
9.79068470669502 0.1703999042510986
9.624148824676768 0.1807999610900879
9.69009631541573 0.1913998126983643
9.559012450842673 0.2013998031616211
9.351205917399488 0.2125999927520752
9.400004190532677 0.2243998050689697
9.243036454259796 0.2339999675750732
9.05463623899492 0.2462999820709229
9.118745609010769 0.2576999664306641
8.994147893337386 0.2688000202178955
8.809482997680949 0.2798998355865479
8.8727496926917 0.2923998832702637
8.736940409308463 0.30430006980896
8.528598116018411 0.3148000240325928
8.575281774007177 0.3256998062133789
8.470470345774324 0.3381998538970947
8.327908251499478 0.3479998111724854
8.179941601558008 0.3626997470855713
8.225645360387817 0.3753998279571533
8.099667081011246 0.3873999118804932
7.975261612071563 0.3988997936248779
7.818896276474452 0.4128000736236572
7.863528034871663 0.4261000156402588
7.740127573452442 0.4363996982574463
7.574408014237144 0.4473998546600342
7.632934047419289 0.458399772644043
7.512338079719143 0.4690999984741211
7.350098070808779 0.4811997413635254
7.393250687816584 0.492499828338623
7.289808745390458 0.504199743270874
7.149063697562274 0.5149998664855957
7.004344816221883 0.5302999019622803
6.891273624174596 0.5431997776031494
6.779550136190847 0.5598998069763184
6.834514343539697 0.5761997699737549
6.711883069821704 0.5875999927520752
6.604324508681367 0.599600076675415
6.467383670546807 0.6143999099731445
6.33635122016644 0.6282999515533447
6.244237351549653 0.6438999176025391
6.283438064747006 0.6589999198913574
6.191906830915765 0.6710000038146973
6.055966457939147 0.6826999187469482
5.975589324546491 0.6988997459411621
5.837170623175955 0.7144999504089355
5.727474462802053 0.7276997566223145
5.641709717681289 0.745999813079834
5.678441658436341 0.758699893951416
5.58106365605422 0.769399881362915
5.48482566652929 0.7819998264312744
5.34427598835957 0.7966997623443604
5.391540449346111 0.807999849319458
5.297524597545788 0.8208997249603271
5.194837541060947 0.8336000442504883
5.078570701622867 0.8466999530792236
5.112763656090219 0.859299898147583
5.01247230015163 0.8718998432159424
4.91518907131856 0.8833000659942627
4.812454362133487 0.8956000804901123
4.845359589293979 0.9086000919342041
4.748554068217248 0.9189999103546143
4.640729127134451 0.932499885559082
4.524058552636454 0.947199821472168
4.597693437202719 0.9602999687194824
4.493720201861557 0.9724998474121094
4.403049062268843 0.98580002784729
4.299060149325084 0.9971997737884521
4.319205981601585 1.009799957275391
4.23786643127235 1.021699905395508
4.150492592409504 1.033999919891357
4.050585303239041 1.047299861907959
4.079455691207837 1.059999942779541
3.99283111882091 1.072199821472168
3.916740034908485 1.083899736404419
3.820710693261941 1.09879994392395
3.848248315907063 1.109699964523315
3.772675500062904 1.121399879455566
3.690282121376034 1.132399797439575
3.590500268828988 1.147199869155884
3.518192980945107 1.160499811172485
3.552486673869987 1.176300048828125
3.473214678018468 1.189499855041504
3.396061733909568 1.20110011100769
3.316299972696386 1.214499950408936
3.240491103677832 1.226799964904785
3.264384106533706 1.243599891662598
3.196361543463878 1.254999876022339
3.130060168297847 1.265999794006348
3.048046821222695 1.2808997631073
2.97634037653871 1.293699741363525
2.912326795957788 1.312299966812134
2.941194903486263 1.325999975204468
2.877668451669264 1.338199853897095
2.802285961062562 1.350800037384033
2.726760393160993 1.364599943161011
2.753807764345622 1.377399921417236
2.686861838302292 1.390100002288818
2.621485335733224 1.402199745178223
2.555691296777257 1.415600061416626
2.486077245107713 1.42769980430603
2.435548511418749 1.444600105285645
2.45352384913856 1.460500001907349
2.397770245737052 1.472899913787842
2.33165071388802 1.48580002784729
2.288553940446775 1.498999834060669
2.235388520002894 1.517600059509277
2.16227326289573 1.529999971389771
2.183162774105201 1.543499946594238
2.131913034351749 1.556999921798706
2.071656712052731 1.569199800491333
2.032280081109925 1.583600044250488
1.970031912060458 1.597800016403198
1.983893508718154 1.610499858856201
1.936562197368877 1.622299909591675
1.885512882901889 1.633800029754639
1.832161817785095 1.648099899291992
1.783918726040717 1.66189980506897
1.799938867112988 1.677199840545654
1.75693843117678 1.690500020980835
1.705863036194148 1.702199935913086
1.665983461541821 1.71399998664856
1.680315385914682 1.727199792861938
1.636053194230336 1.740099906921387
1.592659120476303 1.752399921417236
1.55242998061655 1.76609992980957
1.512649053656521 1.77810001373291
1.524557661706295 1.79419994354248
1.485090893748162 1.807399749755859
1.440488338692047 1.819199800491333
1.405819298540261 1.830999851226807
1.413320902090458 1.844599962234497
1.385675162218812 1.857399702072144
1.345427831289173 1.869199752807617
1.314680643712115 1.881399869918823
1.320883120354279 1.894599914550781
1.291788948474081 1.907299995422363
1.258148489710897 1.919399738311768
1.234814463159673 1.933499813079834
1.205080100440169 1.948299884796143
1.210932070924617 1.960699796676636
1.186705422471938 1.971899747848511
1.160946327048356 1.984699964523315
1.138136383767623 1.999199867248535
1.116444591974374 2.012099981307983
1.097884427454149 2.028599977493286
1.10078128503585 2.043999910354614
1.083634899381461 2.056999921798706
1.065860935009211 2.069299936294556
1.051896303304638 2.082199811935425
1.053743539707654 2.094699859619141
1.042128504779528 2.108199834823608
1.028189763857341 2.119399785995483
1.01902374742088 2.132699966430664
1.019502715955254 2.144699811935425
1.009449978262972 2.157899856567383
0.9980366762578816 2.16949987411499
0.9917671147865339 2.180999994277954
0.9831358509389099 2.195100069046021
0.9751936044418963 2.21179986000061
0.9672565205880297 2.22819995880127
0.9592034274313272 2.245499849319458
0.9508406980896523 2.262399911880493
0.9430704045697297 2.278599977493286
0.9415094118513251 2.293999910354614
0.9342411150163054 2.306999921798706
0.9253751089138417 2.320499897003174
0.9190984071622216 2.334499835968018
0.9118267238845217 2.351899862289429
0.9042759454512598 2.367699861526489
0.8990187561195276 2.382299900054932
0.8960490644632253 2.394899845123291
0.8894577201608059 2.408199787139893
0.8807490642492002 2.41949987411499
0.8753569304608358 2.434699773788452
0.8683678666598049 2.450399875640869
0.8610663407947466 2.467199802398682
0.8541473910021398 2.484600067138672
0.8507176559056948 2.499199867248535
0.8439892173709995 2.51230001449585
0.840056374898689 2.52869987487793
0.8333083157365025 2.541499853134155
0.8249294305109298 2.555399894714355
0.818974038305427 2.567299842834473
0.816167933442294 2.582499980926514
0.8095962715584695 2.596100091934204
0.805605084453049 2.612600088119507
0.7989826069535022 2.624899864196777
0.790792152413867 2.636399745941162
0.7883364259566374 2.64929986000061
0.7823604615222032 2.666899919509888
0.7757096165245363 2.67960000038147
0.7688138712052773 2.69569993019104
0.7622322301458739 2.712100028991699
0.7585920816323504 2.727999925613403
0.7517679065647049 2.74180006980896
0.7442216717219311 2.754600048065186
0.7416531855814196 2.767100095748901
0.7358055596583628 2.779099941253662
0.7290886255350247 2.795699834823608
0.7255203609588045 2.81279993057251
0.7192656594773174 2.824999809265137
0.7114685739522512 2.837999820709229
0.7063261367323257 2.851799964904785
0.6997418542433845 2.867699861526489
0.6935167794645553 2.885600090026855
0.6905940544969669 2.900099992752075
0.6843523283382292 2.912399768829346
0.6783321230269739 2.929999828338623
0.6744267973144789 2.946199893951416
0.6683158537432828 2.958799839019775
0.6608807984578358 2.970799922943115
0.6584677811924233 2.983099937438965
0.6529685419756577 2.997699975967407
0.6470913416308789 3.013999938964844
0.6410457963738114 3.029799938201904
0.6347779912136031 3.046199798583984
0.631420913002076 3.063100099563599
0.6255886730538173 3.075899839401245
0.6180214565365163 3.090699911117554
0.6125469793805569 3.103100061416626
0.6098448511952957 3.1173996925354
0.6045608479361625 3.130399703979492
0.5987274151594133 3.147599935531616
0.5926693403173446 3.16349983215332
0.5869054803495239 3.180699825286865
0.5809065004527814 3.196799993515015
0.575212495687019 3.213599920272827
0.5696588331249176 3.230199813842773
0.5640193262984555 3.246299982070923
0.5581378904693548 3.263399839401245
0.5525685121896194 3.278999805450439
0.5467464941220547 3.297100067138672
0.5409553259554881 3.313699960708618
0.5354853245081904 3.330199956893921
0.529753748573244 3.3471999168396
0.5240530179326855 3.364099979400635
0.5190115966719253 3.384199857711792
0.5133691295325314 3.39739990234375
0.5080536860201322 3.414099931716919
0.5024709915690333 3.430199861526489
0.497241617591661 3.446799993515015
0.4917191025463186 3.464100122451782
0.4865166230981782 3.48039984703064
0.4810538738809899 3.495999813079834
0.475621967573208 3.51360011100769
0.4708194992309123 3.530199766159058
0.4654458517770207 3.547699928283691
0.4601030472595171 3.563899755477905
0.4550847315733876 3.580600023269653
0.4500951892662872 3.597899913787842
0.4448414859969929 3.614199876785278
0.4399072669913818 3.630800008773804
0.4347135258940588 3.648199796676636
0.4295506276330796 3.662999868392944
0.4249872774922316 3.681399822235107
0.4198826379436015 3.697199821472168
0.4179949947796306 3.71399998664856
0.4130936287375264 3.726699829101563
0.4069605500110615 3.74019980430603
0.4026863374051217 3.75410008430481
0.4000522236783491 3.768100023269653
0.3956885949926969 3.781199932098389
0.3907644315417079 3.796999931335449
0.3858711203563005 3.814199924468994
0.3815474112822018 3.831099987030029
0.3767123772841647 3.847699880599976
0.3721459294982345 3.864399909973145
0.3673704525332251 3.88129997253418
0.3626258218948187 3.89739990234375
0.358434268201173 3.914599895477295
0.3537479031230787 3.93149995803833
0.3490923846709384 3.947000026702881
0.3447093728034085 3.964499950408936
0.3401136062390169 3.98169994354248
0.335816032366582 3.997799873352051
0.3315169431153362 4.014600038528442
0.3270102790757258 4.031599998474121
0.3225344580719653 4.048699855804443
0.3183504599293805 4.064899921417236
0.3141643619608411 4.082199811935425
0.3097776437427879 4.098399877548218
0.305421768635352 4.114899873733521
0.3015757726465655 4.13129997253418
0.2972781567953582 4.148799896240234
0.2932470912383466 4.165299892425537
0.2890094394026111 4.182499885559082
0.2848026305956067 4.198699951171875
0.2808582322623575 4.215199947357178
0.2767114024973681 4.232199907302856
0.2728227816395328 4.248699903488159
0.2689625974935544 4.265799999237061
0.2649048694153756 4.280999898910522
0.2608779845840462 4.299600124359131
0.2571025168429536 4.315599918365479
0.2533557395565055 4.331899881362915
0.2496352845307153 4.348099946975708
0.2457266201142604 4.365499973297119
0.2418487988008429 4.382199764251709
0.2384277395130221 4.398499965667725
0.2330333182003541 4.419299840927124
0.2296879506638672 4.439100027084351
0.2259537480229468 4.453199863433838
0.2223342759854842 4.470699787139893
0.2187542398891207 4.486699819564819
0.2151054775356555 4.502399921417236
0.211193128175454 4.521100044250488
0.208003282947691 4.537800073623657
0.204559865942925 4.553299903869629
0.2027210040553268 4.569399833679199
0.1994644524792836 4.582600116729736
0.1961033014409199 4.598699808120728
0.1926441325451352 4.615699768066406
0.1893522371129505 4.632799863815308
0.1859520924921445 4.648899793624878
0.1828233016323653 4.665799856185913
0.179389687437602 4.6836998462677
0.1763029054009839 4.699599981307983
0.1730228511721678 4.715899705886841
0.1699123299773193 4.732199907302856
0.1666914716266324 4.748899698257446
0.1637195822286011 4.76639986038208
0.1604900443548355 4.783499956130981
0.1575601454314514 4.799099922180176
0.15460289698347 4.816199779510498
0.1515306158782204 4.832699775695801
0.1486856364534477 4.849799871444702
0.1458118363322607 4.866299867630005
0.1428286864311346 4.882600069046021
0.1398763890971449 4.900199890136719
0.1371019463884521 4.915899753570557
0.1342093086530628 4.933199882507324
0.1316639685884883 4.948899745941162
0.1288295912261163 4.968600034713745
0.126026057668848 4.983099937438965
0.1232533679747839 4.999899864196777
0.1208146485765107 5.016799926757813
0.1181002196833323 5.031999826431274
0.1154166348405894 5.049799919128418
0.1129256935643536 5.066999912261963
0.1104319028845075 5.083499908447266
0.1078374255087838 5.099999904632568
0.1052737925672706 5.117699861526489
0.1028799822972968 5.134299993515015
0.1005154331004468 5.14989972114563
0.09804090431025982 5.166800022125244
0.09573112066514891 5.183499813079834
0.09331653945638181 5.200500011444092
0.09106531430112791 5.217399835586548
0.08883973883862364 5.233299970626831
0.08651426019285467 5.249799966812134
0.08434712335913123 5.265999794006348
0.08220576064673123 5.285599946975708
0.07996938479650351 5.300299882888794
0.07776385315418677 5.316799879074097
0.07582927456482533 5.334199905395508
0.07368200447582456 5.351399898529053
0.0715655788962678 5.36710000038147
0.06959543024951856 5.384999990463257
0.06765194327226266 5.401199817657471
0.06562462157768693 5.417399883270264
0.06362814476805277 5.436399698257446
0.06177107197635589 5.452399730682373
0.05994107049052662 5.467099905014038
0.05803369833000516 5.482999801635742
0.05636415127911151 5.501699924468994
0.0545150427506365 5.517100095748901
0.05269677996876141 5.534199953079224
0.05100753924672009 5.551800012588501
0.04910068496585375 5.567699909210205
0.04687443863155716 5.586299896240234
0.04482041340762227 5.601099967956543
0.04281251941934155 5.617599964141846
0.04085076222797603 5.635600090026855
0.0390032287139082 5.650799989700317
0.03713074341372033 5.666800022125244
0.03538306220221807 5.684199810028076
0.03376062898674611 5.700799942016602
0.03217627511779089 5.717099905014038
0.03063000081433769 5.733999967575073
0.02920867903265173 5.751800060272217
0.02773732584475499 5.767899751663208
0.02644571244114352 5.783999919891357
0.02518499225310213 5.801199913024902
0.02405232097724152 5.817699909210205
0.02285326462631547 5.836399793624878
0.02200013442761706 5.854099988937378
0.02104166179080828 5.873600006103516
0.02000470209937404 5.890499830245972
0.01899566847569028 5.910099983215332
0.01790371351703383 5.926800012588501
0.01695416674186054 5.940199851989746
0.01630963155069105 5.956799983978271
0.01535271279099983 5.972899913787842
0.01458848295908386 5.988199949264526
0.01387811894772396 6.005599975585938
0.01328487426744227 6.021100044250488
0.0125759544846773 6.039299964904785
0.01200897544554577 6.055999994277954
0.01143116876117044 6.072000026702881
0.0108881787004703 6.08899998664856
0.01034422825348702 6.107300043106079
0.009823333097672117 6.122100114822388
0.00931494297411121 6.139800071716309
0.008901917056827033 6.156599998474121
0.008426265707039018 6.172199964523315
0.008031978336896603 6.188899755477905
0.007647285987746637 6.20580005645752
0.007290243188657418 6.221999883651733
0.006978418782065459 6.239199876785278
0.006635983134677235 6.255800008773804
0.006340603114210775 6.27209997177124
0.006012700706377479 6.289499998092651
0.00574548178662007 6.306199789047241
0.005445745303576897 6.323499917984009
0.005191200886281493 6.340399742126465
0.004979768719159169 6.355999946594238
0.004736972152893586 6.37310004234314
0.004500293757099193 6.389399766921997
0.004290862747170979 6.405999898910522
0.004100483283976284 6.42330002784729
0.003900045662928974 6.438999891281128
0.003719373047920398 6.457199811935425
0.003527895634743054 6.478899717330933
0.003323611086689967 6.498499870300293
0.003125418935121043 6.516199827194214
0.002980772960387336 6.531599998474121
0.002839553965237016 6.546999931335449
0.002778340187857845 6.565999984741211
0.002554441113838927 6.587199926376343
0.002393684591426243 6.604499816894531
0.002293849348158327 6.623800039291382
0.002184943280973221 6.641299962997437
0.002090145529336582 6.660199880599976
0.001972707283608537 6.674199819564819
0.001896337444627926 6.689499855041504
0.001796006918693409 6.707099914550781
0.001711767290692507 6.72379994392395
0.00164077456867531 6.742499828338623
0.001546445185154892 6.755999803543091
0.0014785719083002 6.772499799728394
0.001412221719530102 6.790600061416626
0.001347394618939436 6.805999994277954
0.001284090606634725 6.823799848556519
0.001222309682735953 6.84060001373291
0.001162051847378654 6.856600046157837
0.001103317100716399 6.872499942779541
0.001046105442923752 6.890100002288818
0.001018070772414682 6.907699823379517
0.0009631437483085516 6.924099922180176
0.0009097398136253353 6.94160008430481
0.0008578589686460661 6.957600116729736
0.0008324897048950009 6.974499940872192
0.0007828934950967367 6.994899749755859
0.0007348203759157603 7.011299848556519
0.0007113549754523844 7.028399705886841
0.0006846406978623947 7.044699907302856
0.000643252130814605 7.061499834060669
0.0006213101235903793 7.078499794006348
0.0005785684790503735 7.092099905014038
0.000557768844456626 7.107800006866455
0.0005373500036776041 7.124899864196777
0.0005173119584207079 7.138999938964844
0.0004783782621663311 7.157899856567383
0.000459482615511105 7.176300048828125
0.0004409677731125908 7.192199945449829
0.000422833737756882 7.208699941635132
0.0004050805125353158 7.224600076675415
0.0003877081008854977 7.240399837493896
0.0003707165066389345 7.258399724960327
0.0003541057340764524 7.274199962615967
0.000336937819045744 7.290600061416626
0.000321629724790524 7.308599948883057
0.000306539739953362 7.324699878692627
0.0002917165378890863 7.342299938201904
0.0002767487818057062 7.358699798583984
0.0002624221954101053 7.374599933624268
0.0002484764077478283 7.392100095748901
0.0002532705137685914 7.422999858856201
0.000184514796674067 7.472399711608887
0.000184514796674067 7.492300033569336
0.0001766799728411671 7.520899772644043
0.0001616757037753617 7.537999868392944
0.0001507877985485009 7.55679988861084
0.0001506454123410379 7.573799848556519
0.0001407255435687654 7.592199802398682
0.000130041746721047 7.608199834823608
0.0001309760691520803 7.624099969863892
0.0001219019534455658 7.64139986038208
0.000110841859034268 7.658199787139893
0.0001129741284370358 7.674299955368042
0.0001018321471593017 7.690699815750122
9.32178509965e-05 7.708600044250488
9.32178509965e-05 7.726499795913696
9.32178509965e-05 7.740000009536743
9.60186603037e-05 7.757499933242798
9.60186603037e-05 7.774800062179565
9.60186603037e-05 7.791199922561646
9.60186603037e-05 7.807499885559082
8.49736694204e-05 7.82669997215271
8.49736694204e-05 7.842600107192993
8.49736694204e-05 7.857399702072144
8.49736694204e-05 7.874799966812134
9.56935253621e-05 7.89139986038208
9.56935253621e-05 7.907699823379517
9.56935253621e-05 7.924099922180176
9.56935253621e-05 7.941999912261963
9.56935253621e-05 7.958299875259399
9.56935253621e-05 7.974299907684326
9.56935253621e-05 7.991399765014648
9.56935253621e-05 8.007600069046021
9.56935253621e-05 8.024100065231323
9.56935253621e-05 8.040999889373779
9.56935253621e-05 8.057999849319458
9.56935253621e-05 8.076499938964844
9.56935253621e-05 8.093699932098389
9.56935253621e-05 8.1110999584198
9.56935253621e-05 8.128799915313721
9.56935253621e-05 8.146399736404419
9.56935253621e-05 8.163599967956543
8.49844794767e-05 8.18179988861084
8.49844794767e-05 8.203699827194214
8.49844794767e-05 8.221699953079224
8.49844794767e-05 8.239199876785278
8.49844794767e-05 8.255999803543091
8.49844794767e-05 8.275199890136719
8.49844794767e-05 8.290999889373779
8.49844794767e-05 8.308300018310547
8.49844794767e-05 8.325199842453003
8.49844794767e-05 8.342099905014038
8.49844794767e-05 8.358399868011475
8.49844794767e-05 8.375199794769287
8.49844794767e-05 8.391799926757813
8.49844794767e-05 8.409199953079224
8.49844794767e-05 8.424799919128418
8.49844794767e-05 8.441999912261963
8.49844794767e-05 8.45989990234375
8.49844794767e-05 8.474899768829346
8.49844794767e-05 8.4923996925354
8.49844794767e-05 8.508699893951416
8.49844794767e-05 8.526000022888184
8.49844794767e-05 8.541899919509888
8.49844794767e-05 8.559999942779541