10.86960440108936 0.0006999969482421875
10.86960440108936 0.0233001708984375
10.85136882779511 0.03750014305114746
10.83136573034785 0.05239987373352051
10.65549406675518 0.0708000659942627
10.64690436698353 0.08369994163513184
10.26869281036865 0.114300012588501
10.20084125817453 0.127000093460083
10.09586877010656 0.138200044631958
10.14304309916311 0.149899959564209
9.92405166951472 0.1613001823425293
9.801888077041315 0.1713998317718506
9.848140119450768 0.1816999912261963
9.615152902451397 0.1949000358581543
9.494036121664834 0.2053999900817871
9.539313174869944 0.2165000438690186
9.325711604852954 0.2276999950408936
9.189343744790612 0.2391002178192139
9.248455974836007 0.2516000270843506
9.037562774705302 0.262199878692627
8.88643201697964 0.273900032043457
8.736128997514619 0.2860000133514404
8.778974508365737 0.29830002784729
8.572652875346325 0.3111002445220947
8.438119118609164 0.3210000991821289
8.49399241422468 0.3335001468658447
8.290548896889099 0.3466999530792236
8.114642353485317 0.3578000068664551
7.953631967488445 0.368800163269043
7.993911215529731 0.3826999664306641
7.810989924218119 0.3958001136779785
7.667315206648119 0.4071002006530762
7.69351504293185 0.4178001880645752
7.483905555768613 0.4293999671936035
7.357330224775987 0.4412000179290771
7.187626275368851 0.4523999691009521
7.22533574781428 0.4673998355865479
7.05064389016128 0.4793000221252441
6.900344776087524 0.489300012588501
6.937075640688438 0.5016999244689941
6.799927481302855 0.5136001110076904
6.649806113078217 0.5303001403808594
6.481880315944023 0.5468001365661621
6.348673700087284 0.5575001239776611
6.395149135016401 0.5685000419616699
6.18951535286392 0.5799000263214111
6.061225560809749 0.5923001766204834
5.90539271418354 0.6045000553131104
5.938674858207584 0.6175000667572021
5.793127584638887 0.6303999423980713
5.666649312676132 0.6421000957489014
5.52647242857943 0.6526000499725342
5.558411262985678 0.6684000492095947
5.449368635655103 0.6806001663208008
5.314038342280443 0.6973001956939697
5.152022354607324 0.7142000198364258
5.032825574322962 0.7256002426147461
4.891052803309794 0.7374999523162842
4.920687011633177 0.7511000633239746
4.777292492940195 0.7623000144958496
4.665011853426908 0.7746999263763428
4.538553594054235 0.787100076675415
4.56687620125919 0.7998001575469971
4.429518783196412 0.8122000694274902
4.320004277184424 0.8229999542236328
4.347498764215468 0.8338000774383545
4.239175227810026 0.8468999862670898
4.096972523103359 0.8631000518798828
4.001260358884567 0.8753001689910889
3.885987755110519 0.8868000507354736
3.920421071192391 0.900399923324585
3.805606574790541 0.9133999347686768
3.695836691918575 0.9254999160766602
3.5782463146137 0.9371001720428467
3.5864256223445 0.9495000839233398
3.487825689824908 0.962399959564209
3.405203018372366 0.9732000827789307
3.389352815756281 0.9858999252319336
3.303849179667987 0.996999979019165
3.158846366846566 1.008699893951416
3.087912040780977 1.022000074386597
3.050625170814883 1.033699989318848
3.041723551039751 1.046700000762939
2.937660669298311 1.058600187301636
2.847171065558483 1.070300102233887
2.783454122159009 1.085200071334839
2.775125939084488 1.096400022506714
2.692259759340619 1.108000040054321
2.657954761964818 1.120000123977661
2.576662720653188 1.134000062942505
2.600368875678894 1.147000074386597
2.56241822184879 1.158300161361694
2.57643961594898 1.170799970626831
2.496658019909546 1.184399843215942
2.435648883124918 1.198199987411499
2.443207900169179 1.213299989700317
2.404299479243518 1.223899841308594
2.331831960971824 1.236100196838379
2.256833894400374 1.251100063323975
2.285452178272558 1.26360011100769
2.214101374075116 1.275899887084961
2.162989501578733 1.287400007247925
2.103294456206995 1.301199913024902
2.0403861179317 1.314500093460083
1.997235946768771 1.331300020217896
2.016658527113183 1.347800016403198
1.968075455696831 1.360699892044067
1.897163651230461 1.373000144958496
1.85505603814556 1.386600017547607
1.779697053723241 1.401399850845337
1.79729903004249 1.413500070571899
1.751223109043334 1.425600051879883
1.701165429997118 1.437100172042847
1.645197931886659 1.451800107955933
1.661610318740576 1.463800191879272
1.618068789768531 1.476199865341187
1.560195361338477 1.488199949264526
1.507542556106649 1.501600027084351
1.522668078264356 1.513999938964844
1.476658250125054 1.526800155639648
1.426954823143143 1.538000106811523
1.377646936996539 1.551800012588501
1.391491731506579 1.564899921417236
1.347902836353099 1.576800107955933
1.301113147135142 1.589200019836426
1.255223464164773 1.600300073623657
1.210731022956234 1.616300106048584
1.222788857997781 1.630800008773804
1.183051315630407 1.643800020217896
1.14037482599813 1.657899856567383
1.099307899948673 1.669100046157837
1.106470933294494 1.681399822235107
1.073198974011346 1.694100141525269
1.026910481036264 1.70550012588501
0.9930345790944719 1.718400001525879
0.9563943407583977 1.732899904251099
0.9241455726017715 1.748300075531006
0.9354964029272826 1.764699935913086
0.9011153725564902 1.776600122451782
0.8645546348787062 1.789299964904785
0.8337756233227771 1.802299976348877
0.8409255093823235 1.814800024032593
0.8122971527577523 1.827199935913086
0.7801190709268958 1.839900016784668
0.7533329437003036 1.85290002822876
0.7288934888235241 1.865100145339966
0.7342656942703027 1.881500005722046
0.7084697957660324 1.894500017166138
0.6816114921522737 1.906699895858765
0.664515824711702 1.920500040054321
0.644638930027871 1.937299966812134
0.626014072219318 1.953500032424927
0.6059641017052373 1.96970009803772
0.6086400900419154 1.98169994354248
0.5919894169940713 1.994499921798706
0.5748038605564333 2.006500005722046
0.5624445965442894 2.018699884414673
0.5638063599312618 2.031800031661987
0.5517484134629955 2.044500112533569
0.5388460082467701 2.056600093841553
0.531102224869311 2.069800138473511
0.5232029414842608 2.08270001411438
0.5227796391746133 2.098899841308594
0.51643079638351 2.111500024795532
0.5092547374259498 2.126100063323975
0.5047429643671419 2.140600204467773
0.5032646427644585 2.153199911117554
0.4986578315434365 2.166500091552734
0.4939507152596201 2.182199954986572
0.4859011911960031 2.199600219726563
0.4810424040996311 2.216399908065796
0.4752914549443899 2.235199928283691
0.4699645523261752 2.249300003051758
0.4633869865078299 2.265500068664551
0.4589099098887675 2.285000085830688
0.4532990112505547 2.299300193786621
0.4486110467105464 2.315999984741211
0.4433662177893087 2.332300186157227
0.4384302232723373 2.350000143051147
0.4335362809313301 2.369100093841553
0.4286846743216945 2.383399963378906
0.4235582504258828 2.399500131607056
0.4192909253369682 2.415300130844116
0.4172401809157446 2.432600021362305
0.4123584641204897 2.445199966430664
0.4060416664551505 2.457200050354004
0.4020350934232719 2.471499919891357
0.3997032645511884 2.486200094223022
0.3953492487449992 2.500800132751465
0.3905889884558666 2.516700029373169
0.3877116168326648 2.532799959182739
0.3829023536435768 2.545500040054321
0.3775232535945613 2.557699918746948
0.3756734413875333 2.570500135421753
0.3717464255067937 2.583600044250488
0.3671393715660981 2.599300146102905
0.362572469198515 2.617100238800049
0.3577208405923964 2.632699966430664
0.3531948464276338 2.649600028991699
0.3487945740792568 2.666000127792358
0.3441715272380103 2.682899951934814
0.3393340387515738 2.69950008392334
0.3379014895661808 2.716100215911865
0.3337583916242302 2.728600025177002
0.3281198605782633 2.741400003433228
0.3255148677723911 2.753600120544434
0.322259272364088 2.766299962997437
0.3200759338165603 2.782899856567383
0.3156487844822196 2.795700073242188
0.3104969069050005 2.807899951934814
0.3073332498736719 2.82230019569397
0.3057181634510693 2.837399959564209
0.3014041708339399 2.849300146102905
0.2975955491630506 2.866899967193604
0.2929336317562625 2.883399963378906
0.2905901457550522 2.899600028991699
0.286556174097535 2.912400007247925
0.2815842871256725 2.925300121307373
0.2782044751949291 2.93939995765686
0.2741882574659408 2.955100059509277
0.270307348581089 2.971699953079224
0.266239409144571 2.988300085067749
0.2622023123636943 3.004800081253052
0.2607565777282479 3.02020001411438
0.2571330407220206 3.03380012512207
0.2544476236795796 3.05019998550415
0.2507477316128625 3.0625
0.2462205790826955 3.076300144195557
0.2429458097155732 3.089399814605713
0.2414405526781001 3.103699922561646
0.2381401637005006 3.117000102996826
0.2344244369721612 3.133600234985352
0.2308620252176941 3.150300025939941
0.2269628834577901 3.166899919509888
0.2233335306512471 3.184100151062012
0.2198340190305294 3.200700044631958
0.2159709190412793 3.217100143432617
0.2125593024660767 3.233299970626831
0.208954496964585 3.249500036239624
0.2055561668259662 3.267100095748901
0.2045055523315071 3.283600091934204
0.201043217170329 3.296300172805786
0.1962503471158618 3.309100151062012
0.1935440749520126 3.324199914932251
0.190256451884044 3.338800191879272
0.1868106428982357 3.357100009918213
0.1857458344111385 3.371299982070923
0.1826975729765273 3.383899927139282
0.1794329025970101 3.400700092315674
0.17603162626087 3.417200088500977
0.1726391970071574 3.434200048446655
0.1659318203957321 3.458600044250488
0.1591413654406102 3.491600036621094
0.1544538781008647 3.533699989318848
0.1520889455379693 3.546900033950806
0.1494352743615048 3.55839991569519
0.1469200976184825 3.572200059890747
0.1438840594796284 3.589200019836426
0.1408523065164121 3.605100154876709
0.137908758148395 3.621899843215942
0.1371289469006608 3.638100147247314
0.1342816089179116 3.651100158691406
0.1317522781348962 3.666500091552734
0.1287657383411283 3.684300184249878
0.1256213028642915 3.700999975204468
0.1229446180518062 3.718100070953369
0.1200634912446771 3.734800100326538
0.1194453312930547 3.750499963760376
0.1170788347278065 3.762700080871582
0.1135964196703877 3.775899887084961
0.1111527810241294 3.789999961853027
0.1085690285395823 3.806100130081177
0.1061255322986399 3.82230019569397
0.1035824182628949 3.839300155639648
0.1012099534824911 3.856199979782104
0.0987268409046589 3.872699975967407
0.09627457316078961 3.889100074768066
0.09412067413581168 3.906500101089478
0.09172666918906731 3.923600196838379
0.08936350944400973 3.939199924468994
0.08703119504470966 3.957300186157227
0.08485495736509838 3.971499919891357
0.08258256842557736 3.990300178527832
0.08200712435020494 4.005399942398071
0.0800355648850346 4.018699884414673
0.0778503529724232 4.034899950027466
0.07552779061204629 4.051399946212769
0.07327480503997061 4.068100214004517
0.07110777034742163 4.084600210189819
0.06902920318929334 4.101700067520142
0.06698146421769821 4.117899894714355
0.06670288290881402 4.134100198745728
0.06499274267468381 4.146500110626221
0.06206337911574795 4.160899877548218
0.06037522835320551 4.175100088119507
0.05839790235326901 4.189600229263306
0.05659112020293618 4.206100225448608
0.05482554450205525 4.222699880599976
0.05310184402190404 4.239500045776367
0.0513074872239361 4.255800008773804
0.05119936693198569 4.272300004959106
0.04892822404782014 4.285000085830688
0.04708015561888148 4.301800012588501
0.04447995564107381 4.318399906158447
0.04229212948769531 4.334800004959106
0.04009252331130538 4.351399898529053
0.03815115373984401 4.36870002746582
0.03631428068832961 4.385499954223633
0.03462129711010628 4.401800155639648
0.03302012943843358 4.419100046157837
0.03134721111657741 4.435100078582764
0.02982277781911499 4.452100038528442
0.02833650559130627 4.469199895858765
0.02703149575654901 4.485300064086914
0.02580726972607734 4.50189995765686
0.02456136754557987 4.519100189208984
0.02334632829206488 4.536399841308594
0.0222212473729277 4.552600145339966
0.02119274879078292 4.57039999961853
0.02018861996130027 4.586699962615967
0.01915421008019206 4.602399826049805
0.01825342859292499 4.61899995803833
0.0173859557165301 4.635900020599365
0.01652772109492776 4.654999971389771
0.01570340900026935 4.668499946594238
0.01499435957094653 4.685699939727783
0.01421039123472104 4.702699899673462
0.01359353641712937 4.7191002368927
0.01289122488539024 4.735199928283691
0.01230411943909692 4.753000020980835
0.01167533980947124 4.769800186157227
0.01111643310017337 4.786399841308594
0.01057123422127603 4.803200006484985
0.0101273730850616 4.819700002670288
0.009607305241833244 4.836199998855591
0.009184386643565735 4.854100227355957
0.00868944985705144 4.869499921798706
0.00828747381655086 4.885900020599365
0.007895017128527422 4.902499914169312
0.007558281667808385 4.919300079345703
0.007184348179610059 4.935899972915649
0.006819969005266858 4.953000068664551
0.00649060949981623 4.970000028610229
0.006183694291397598 4.98639988899231
0.00587325346248059 5.003999948501587
0.005608792127383257 5.022199869155884
0.005350423463701784 5.036499977111816
0.005098147503403105 5.052899837493896
0.00485196428250858 5.069700002670288
0.004611873841727266 5.086899995803833
0.004377876227207386 5.102999925613403
0.004187739162634342 5.119800090789795
0.003983095264165614 5.136899948120117
0.003802778950885794 5.153899908065796
0.00360699447463606 5.170500040054321
0.003451494554062028 5.186800003051758
0.003278984482745914 5.204300165176392
0.003101913456090557 5.220100164413452
0.002957836080449485 5.237100124359131
0.002817186552258617 5.2538001537323
0.002679964963844191 5.27049994468689
0.002578808921574777 5.286900043487549
0.00245895048523543 5.306100130081177
0.002330874438747502 5.320899963378906
0.002206227115163044 5.337199926376343
0.002125033846343838 5.354000091552734
0.002006101535268245 5.370800018310547
0.001913363051705203 5.387500047683716
0.001815407721849363 5.404500007629395
0.001741831477395878 5.420700073242188
0.001655886204332047 5.438800096511841
0.001564461333984014 5.454900026321411
0.001496215908990884 5.47130012512207
0.001429494822461683 5.48769998550415
0.001364298194062505 5.504199981689453
0.001300626158113376 5.520900011062622
0.001238478865795616 5.538899898529053
0.001177856487757076 5.555700063705444
0.001118759217199251 5.57039999961853
0.001061187273551204 5.587399959564209
0.001005140906861038 5.603800058364868
0.0009776899026641716 5.62280011177063
0.0009239324504723205 5.639899969100952
0.0008717013716759588 5.654600143432617
0.0008363937922358355 5.670799970626831
0.0007961118965200952 5.688800096511841
0.0007476918094270856 5.70389986038208
0.000724054512749391 5.720899820327759
0.0006779257733597623 5.73769998550415
0.0006554344933855176 5.755399942398071
0.0006249588627787562 5.771199941635132
0.00059012198037331 5.787500143051147
0.0005691551750600675 5.805700063705444
0.0005410230494940422 5.821100234985352
0.0005084082489345025 5.838800191879272
0.0004889660491442288 5.855200052261353
0.0004631871365858812 5.871000051498413
0.0004448136714825205 5.889699935913086
0.0004147695514410614 5.904399871826172
0.0003972306555849641 5.921600103378296
0.000380074514906527 5.937399864196777
0.0003633013132782256 5.956199884414673
0.0003469112563845666 5.972800016403198
0.0003309045749023305 5.989899873733521
0.0003152815282352663 6.004499912261963
0.0003000424089164765 6.022300004959106
0.0002912977627208756 6.041000127792358
0.0002777510802244524 6.060400009155273
0.0002570459285800175 6.076499938964844
0.0002433698410999495 6.092000007629395
0.000230081929754527 6.109300136566162
0.0002239136083391292 6.125900030136108
0.0002112298853943015 6.142199993133545
0.0001989387560387204 6.158900022506714
0.0001870417630389104 6.176699876785278
0.0001800312932726995 6.193300008773804
0.0001686459229874696 6.209000110626221
0.0001639933795395593 6.226100206375122
0.0001532587949590825 6.242399930953979
0.0001466972544102973 6.259100198745728
0.0001427632232794052 6.275399923324585
0.0001363452386134297 6.29289984703064
0.0001264919364239098 6.309800148010254
0.0001227514096233554 6.327100038528442
0.0001169026321973822 6.342999935150146
0.0001133979402794879 6.360000133514404
0.000107692753137266 6.376300096511841
9.90009205909e-05 6.393199920654297
9.56515356544e-05 6.411499977111816
9.56515356544e-05 6.425800085067749
9.56515356544e-05 6.441499948501587
9.56515356544e-05 6.459000110626221
9.05547607727e-05 6.476999998092651
9.05547607727e-05 6.492699861526489
9.05547607727e-05 6.507499933242798
9.05547607727e-05 6.525300025939941
9.05547607727e-05 6.543900012969971
9.05547607727e-05 6.560400009155273
9.05547607727e-05 6.576800107955933
9.05547607727e-05 6.594799995422363
9.05547607727e-05 6.609400033950806
9.05547607727e-05 6.625399827957153
9.05547607727e-05 6.65910005569458
9.05547607727e-05 6.691399812698364
9.05547607727e-05 6.725300073623657
9.05547607727e-05 6.742699861526489
9.05547607727e-05 6.759600162506104
9.05547607727e-05 6.776100158691406
9.05547607727e-05 6.793100118637085
9.05547607727e-05 6.809600114822388
9.05547607727e-05 6.826499938964844
9.05547607727e-05 6.842600107192993
9.05547607727e-05 6.861700057983398
9.05547607727e-05 6.878100156784058
9.05547607727e-05 6.894000053405762
9.05547607727e-05 6.908499956130981
9.05547607727e-05 6.926899909973145
9.05547607727e-05 6.944000005722046
9.05547607727e-05 6.960800170898438
9.05547607727e-05 6.977200031280518
9.05547607727e-05 6.995000123977661
9.05547607727e-05 7.010300159454346
9.05547607727e-05 7.026100158691406
9.05547607727e-05 7.04200005531311
9.05547607727e-05 7.059999942779541
9.05547607727e-05 7.078199863433838
9.05547607727e-05 7.093500137329102
9.05547607727e-05 7.110000133514404
9.05547607727e-05 7.126199960708618
9.05547607727e-05 7.143100023269653
9.05547607727e-05 7.159800052642822
9.05547607727e-05 7.17710018157959
9.05547607727e-05 7.193300008773804
9.05547607727e-05 7.211400032043457
9.05547607727e-05 7.227200031280518
9.05547607727e-05 7.243000030517578
9.05547607727e-05 7.259700059890747
9.05547607727e-05 7.277199983596802