10.86960440108936 0.0009002685546875
10.86960440108936 0.01250004768371582
10.86960440108936 0.01699995994567871
10.82024262491654 0.03119993209838867
10.85491180450521 0.04290008544921875
10.67700777784275 0.05349993705749512
10.37179130971559 0.06450009346008301
10.43995035602832 0.07490015029907227
10.26867642220275 0.08590006828308105
10.14291420678346 0.09719991683959961
10.19353129983749 0.1082999706268311
10.04113153905327 0.1194999217987061
9.74952708182744 0.1303000450134277
9.815874069046282 0.1409001350402832
9.668209511856785 0.1512000560760498
9.48827205523631 0.1636998653411865
9.553807237016342 0.1742000579833984
9.424220575457737 0.1854002475738525
9.233066234773879 0.1976001262664795
9.281586051373633 0.2076001167297363
9.142197849513302 0.2195000648498535
8.955257548424052 0.2308001518249512
9.019040402121146 0.2414999008178711
8.90972069397845 0.2511999607086182
8.726278944265147 0.2627999782562256
8.773501764179208 0.2743000984191895
8.638872968574139 0.2864000797271729
8.459489362657592 0.2986998558044434
8.521515879580216 0.3084001541137695
8.39000742357385 0.32069993019104
8.200993674143454 0.3301000595092773
8.262051338671574 0.3427000045776367
8.175529973751066 0.352100133895874
7.990034031246938 0.3647000789642334
8.035189490262363 0.3747999668121338
7.924589669600126 0.3859002590179443
7.80042054236845 0.3986001014709473
7.633751475074744 0.414600133895874
7.692536412851439 0.4248001575469971
7.571193641792044 0.4361000061035156
7.408023129897719 0.4481000900268555
7.465848097558561 0.4596998691558838
7.347252940428175 0.4690001010894775
7.199706828309348 0.4814999103546143
7.242367075880336 0.4921000003814697
7.102274047445814 0.5051000118255615
6.978096579927621 0.5162999629974365
6.902810550722081 0.5327999591827393
6.749911333419476 0.5480000972747803
6.791008681968782 0.5598001480102539
6.694086913673367 0.5715000629425049
6.561842202098424 0.5831999778747559
6.425493829131718 0.5980000495910645
6.465393720059389 0.6096000671386719
6.371939199663919 0.6211998462677002
6.244272577458745 0.63319993019104
6.123413083093586 0.6471998691558838
6.162139327116767 0.6593000888824463
6.06103871024648 0.6716001033782959
5.950414906251521 0.6831998825073242
5.833489456383719 0.6979999542236328
5.721935605810106 0.7104001045227051
5.771403747473287 0.7259001731872559
5.662585988675741 0.7361998558044434
5.529145213966054 0.7484002113342285
5.5653889713806 0.759199857711792
5.481311128201587 0.7711999416351318
5.330888523381368 0.78190016746521
5.366248339192194 0.7936000823974609
5.282396822908686 0.8046998977661133
5.14538073666029 0.815500020980835
5.191425023095354 0.8261001110076904
5.099756895101153 0.8371000289916992
4.999638834915138 0.8494000434875488
4.886341435310298 0.8645000457763672
4.919609107148322 0.8754000663757324
4.842122799714175 0.8881001472473145
4.716197701321775 0.9000999927520752
4.616284892534408 0.914600133895874
4.68028557760388 0.9276001453399658
4.585653675748916 0.9388000965118408
4.493814037102172 0.951200008392334
4.397120578727218 0.9646000862121582
4.417613305190007 0.9759001731872559
4.345242134898685 0.9869000911712646
4.225164987971887 0.9985001087188721
4.255002901034152 1.009799957275391
4.18429874648008 1.023000001907349
4.097632679289248 1.035100221633911
4.006807909655739 1.046999931335449
3.92927951775426 1.062100172042847
3.957445484816004 1.07669997215271
3.881782631104603 1.086900234222412
3.770596484030652 1.098100185394287
3.79782712038114 1.109699964523315
3.730708520309096 1.122100114822388
3.633533613263467 1.133800029754639
3.549918054932383 1.148800134658813
3.575798451878242 1.160100221633911
3.503689388165467 1.172400236129761
3.418755443730519 1.18340015411377
3.331411734966552 1.198600053787231
3.261627639240767 1.211199998855591
3.293695969200573 1.227699995040894
3.218232630794161 1.239100217819214
3.144712816677089 1.250999927520752
3.069248928688377 1.265199899673462
2.989834416570656 1.277300119400024
2.93288780355817 1.294400215148926
2.947372707919103 1.309999942779541
2.877273600859784 1.322200059890747
2.808877483143454 1.333900213241577
2.739500444448032 1.348400115966797
2.753038187005769 1.360100030899048
2.698989123992938 1.372400045394897
2.62693245828376 1.384400129318237
2.5551473023248 1.398999929428101
2.497537015920402 1.410799980163574
2.515990764229006 1.426500082015991
2.46505238231747 1.440600156784058
2.392190570321721 1.454300165176392
2.331163544239083 1.466700077056885
2.34825307744073 1.477100133895874
2.288482323036495 1.488900184631348
2.235473538293716 1.500999927520752
2.172738696423699 1.515799999237061
2.188449788532138 1.527100086212158
2.137144275365095 1.54069995880127
2.076821061760763 1.552600145339966
2.02300717587015 1.565299987792969
1.974962058066094 1.577600002288818
1.98884230879086 1.593800067901611
1.936800536671537 1.607699871063232
1.885801513583541 1.617799997329712
1.836906435074444 1.632400274276733
1.845227537996984 1.643800020217896
1.800712545550945 1.656400203704834
1.752985347998175 1.669300079345703
1.707849993275963 1.682800054550171
1.662997411121866 1.695499897003174
1.62324448115983 1.712300062179565
1.636858207846523 1.727400064468384
1.597706949535421 1.740200042724609
1.551933282939506 1.752600193023682
1.519155609978654 1.766900062561035
1.482847581018462 1.7846999168396
1.440219830014639 1.799200057983398
1.404579950891146 1.814900159835815
1.372679020852974 1.830400228500366
1.350070992511411 1.85260009765625
1.319999243421883 1.871600151062012
1.285880383366518 1.887500047683716
1.262681234197084 1.905499935150146
1.23148086398744 1.924400091171265
1.203498847180825 1.943400144577026
1.175750008493911 1.958199977874756
1.125569746594167 1.979000091552734
1.120587972658354 2.001699924468994
1.098775800998346 2.025099992752075
1.07804119763907 2.041199922561646
1.063408404714589 2.054199934005737
1.051736425489592 2.068000078201294
1.03848506087454 2.085100173950195
1.02601316227666 2.104900121688843
1.015171957792533 2.12090015411377
1.006600918357459 2.139600038528442
0.9985338734538077 2.156100034713745
0.9909513075089628 2.170700073242188
0.9886805539156335 2.182800054550171
0.9817718800546168 2.196000099182129
0.9727290869829137 2.212300062179565
0.9655385253652164 2.229600191116333
0.9589383146954384 2.240900039672852
0.9498602319138683 2.254499912261963
0.9431160967470968 2.267300128936768
0.9392169021255095 2.283200025558472
0.9330140092934767 2.296700000762939
0.928795825569607 2.31190013885498
0.9216204036562902 2.324000120162964
0.9132227262372595 2.336499929428101
0.9110157446806553 2.349100112915039
0.9078125709655244 2.361900091171265
0.9000676152984769 2.373800039291382
0.8912710005954561 2.386199951171875
0.885089962760105 2.401100158691406
0.8820415485939509 2.416699886322021
0.8777177234022409 2.428900241851807
0.8711893678144664 2.441100120544434
0.8626712827385942 2.455699920654297
0.8565897550213349 2.467300176620483
0.8536053367774116 2.483299970626831
0.8497533206140431 2.49560022354126
0.8429157463361361 2.509799957275391
0.8337280180206763 2.523200035095215
0.828159644552938 2.537699937820435
0.8218186356570456 2.551900148391724
0.8151070831531088 2.568700075149536
0.8080316953025055 2.584000110626221
0.8013915043360675 2.602499961853027
0.7989054097887828 2.616600036621094
0.79191170912658 2.63100004196167
0.7849823728501707 2.64680004119873
0.7782074084816308 2.664100170135498
0.7719875524109919 2.679800033569336
0.7684108347929536 2.696000099182129
0.7620791358319708 2.708199977874756
0.7537188678577484 2.721900224685669
0.7481047860018802 2.734300136566162
0.7416132018767414 2.750800132751465
0.7387516128204539 2.766499996185303
0.7325296136156059 2.779600143432617
0.7263274985631534 2.796300172805786
0.7194648481363979 2.812900066375732
0.7130122853408661 2.829999923706055
0.7063638730766936 2.846400260925293
0.6994423678472935 2.863199949264526
0.6932967560523799 2.880699872970581
0.687091980315046 2.896300077438354
0.6847594435104759 2.913300037384033
0.677983527298241 2.924900054931641
0.6699534725491305 2.937800168991089
0.665185042785817 2.951499938964844
0.6621293231868978 2.967200040817261
0.6562470335350775 2.980000019073486
0.6503652927287369 2.997600078582764
0.6441393217432052 3.01360011100769
0.6380689357885826 3.030800104141235
0.6317952628118564 3.047100067138672
0.6252371146358643 3.062999963760376
0.6191153121424037 3.080300092697144
0.6132501220598676 3.096400260925293
0.6067465147659965 3.114700078964233
0.600967776255345 3.131600141525269
0.5952310192575432 3.146900177001953
0.5895364955907344 3.16480016708374
0.5838405629991433 3.179800033569336
0.5778548323464291 3.197299957275391
0.5718999444967193 3.214600086212158
0.566304180570612 3.230400085449219
0.5604092645419062 3.246400117874146
0.5548701126783232 3.2639000415802
0.549358537571231 3.280300140380859
0.5438744067993652 3.297400236129761
0.5413193107558465 3.313199996948242
0.5357546954346235 3.3264000415802
0.528376093427383 3.341799974441528
0.5231633186473355 3.354400157928467
0.5187542971984079 3.368600130081177
0.5134239798917569 3.385800123214722
0.5078117615698474 3.402300119400024
0.5022303859690604 3.418600082397461
0.4970006115020374 3.435800075531006
0.491479392106199 3.451800107955933
0.4862797998690429 3.469699859619141
0.4808183687517445 3.48550009727478
0.4756898754815236 3.502400159835815
0.4702884334395603 3.518800020217896
0.4652140915938304 3.536499977111816
0.4598726035576988 3.552200078964233
0.4548696581567486 3.56879997253418
0.4498673447292049 3.586400270462036
0.4446149583309881 3.602100133895874
0.4393934147241923 3.618900060653687
0.4347779353484101 3.637100219726563
0.432841364947614 3.651400089263916
0.4277029811585368 3.664000034332275
0.4230913680192179 3.68120002746582
0.4177365567723963 3.697400093078613
0.4126306038457019 3.714100122451782
0.4073635392901001 3.731199979782104
0.4026871758925823 3.74970006942749
0.3977204906644821 3.766700029373169
0.392711414426465 3.782700061798096
0.3880624402129011 3.797400236129761
0.3834554433233353 3.814599990844727
0.3786074220492752 3.832600116729736
0.3740718759077312 3.847800016403198
0.3695342792758379 3.866499900817871
0.3647753604362413 3.88129997253418
0.3603088139689951 3.898499965667725
0.3556098625141655 3.915600061416626
0.3509417540144483 3.931600093841553
0.3465615004196899 3.948400259017944
0.3422083228186109 3.964499950408936
0.3376293155403959 3.982500076293945
0.3333331672077537 3.998800039291382
0.3288141348072131 4.016100168228149
0.3243259454659675 4.033400058746338
0.3201151184736226 4.04800009727478
0.3159323556930491 4.065400123596191
0.3117765464652422 4.083100080490112
0.3074065831631038 4.09850001335144
0.3030674628901558 4.116699934005737
0.2989978829344281 4.132200002670288
0.2947187378819662 4.149699926376343
0.290705379984128 4.164200067520142
0.2867200075421389 4.182699918746948
0.2827616677729772 4.198100090026855
0.2786007493615708 4.215800046920776
0.2744706740397119 4.232800006866455
0.2703714418248604 4.249600172042847
0.2667535728494642 4.266600131988525
0.2627125998867578 4.282000064849854
0.2587024700853545 4.299299955368042
0.2549433382491434 4.315999984741211
0.2509931794194227 4.331600189208984
0.2470738637726949 4.349999904632568
0.2434005468777744 4.364799976348877
0.2397548084183087 4.381800174713135
0.235924594411457 4.399699926376343
0.2323353679860693 4.41510009765625
0.2289825175296482 4.433300018310547
0.225239690497462 4.449000120162964
0.221527706733762 4.465199947357178
0.2180501554191801 4.482900142669678
0.2143981426908596 4.499600172042847
0.2109773297207221 4.515900135040283
0.2073852898987719 4.532999992370605
0.2040210152976109 4.550300121307373
0.2006844168720825 4.565900087356567
0.1971814789387263 4.583100080490112
0.1937093844126078 4.599699974060059
0.1904582556984645 4.6149001121521
0.1870461295989153 4.632499933242798
0.1840390218296405 4.649100065231323
0.1804997979652478 4.668200016021729
0.1775460009815165 4.682400226593018
0.1742521093583766 4.699100017547607
0.170989061283925 4.716799974441528
0.1679352711113313 4.733800172805786
0.1647321895049097 4.748900175094604
0.161735588448191 4.765799999237061
0.158766011482122 4.783600091934204
0.1556520319246529 4.799400091171265
0.1527395153479838 4.815500020980835
0.1496855125365666 4.833100080490112
0.1466623534504469 4.849400043487549
0.143835097387351 4.868100166320801
0.1408719040116216 4.883400201797485
0.1381018816763474 4.900400161743164
0.1351986672998217 4.915800094604492
0.1324846767397524 4.934299945831299
0.129798892237702 4.950400114059448
0.1271399159216308 4.966100215911865
0.1243549254817989 4.983299970626831
0.1216007788184007 4.999900102615356
0.1190281238794838 5.016400098800659
0.1164825781804767 5.033999919891357
0.1138175341667382 5.049900054931641
0.1113289509834433 5.066999912261963
0.1087238834511128 5.084500074386597
0.106149660084419 5.101900100708008
0.1037464223165541 5.117900133132935
0.1013713034754456 5.133300065994263
0.09888618359377357 5.150400161743164
0.09656699355480537 5.168600082397461
0.09414183680391268 5.184499979019165
0.09188001279827483 5.200299978256226
0.0896450530061066 5.216400146484375
0.08730899941648766 5.233400106430054
0.08500379016517008 5.251699924468994
0.08285506450477195 5.267100095748901
0.08060983339106162 5.283300161361694
0.07853286798044457 5.299900054931641
0.07645311879734737 5.316900253295898
0.07429699809282381 5.334000110626221
0.07228816000096244 5.351700067520142
0.07019199096950708 5.368000030517578
0.06812666645496898 5.384600162506104
0.06631671670388274 5.400799989700317
0.06430965439888661 5.416900157928467
0.06233343699412151 5.435400247573853
0.06049554738107316 5.450999975204468
0.05857931387801553 5.468600034713745
0.05669392611679804 5.484600067138672
0.05457867846525773 5.5038001537323
0.05278835118241201 5.523699998855591
0.05040424726257656 5.540400266647339
0.04813745964769852 5.55649995803833
0.04585055881630691 5.572600126266479
0.04459711460073963 5.597000122070313
0.04105343545333463 5.617900133132935
0.04007424554230278 5.63640022277832
0.03776189322863657 5.65369987487793
0.03580291053202114 5.667400121688843
0.03402092199881802 5.686699867248535
0.03300293399834237 5.703900098800659
0.03184985154713679 5.722100019454956
0.0292804730758103 5.738100051879883
0.02736226035183997 5.754800081253052
0.02589721967952917 5.772000074386597
0.02473353670826183 5.789400100708008
0.02351576654265535 5.806699991226196
0.02237222544547977 5.822400093078613
0.02134066900319769 5.840100049972534
0.02026405253048062 5.856600046157837
0.01928243401754524 5.873500108718872
0.01839156982648827 5.890699863433838
0.01750758153999384 5.907600164413452
0.01665318669609147 5.928400039672852
0.01521909036006912 5.961199998855591
0.01392352013777001 5.993600130081177
0.01240604817828528 6.01990008354187
0.0121984681415033 6.039700031280518
0.01086749449958213 6.066200017929077
0.0101974886280498 6.095299959182739
0.00943908760153089 6.120300054550171
0.008817099165943549 6.138400077819824
0.008546628862832218 6.157299995422363
0.00803003345094413 6.173600196838379
0.007642933477368435 6.18969988822937
0.007223446783224098 6.206699848175049
0.006857525888441928 6.222800016403198
0.006535659958237996 6.240200042724609
0.006236888394371457 6.256200075149536
0.005916568986219436 6.274400234222412
0.005618278517121008 6.294699907302856
0.005327973142418825 6.312700033187866
0.005076368212302221 6.329499959945679
0.004830862948834279 6.346400260925293
0.004620409249576051 6.362200021743774
0.004386308702222207 6.377500057220459
0.004214735938821094 6.393199920654297
0.004019055551280859 6.411700010299683
0.003827563874135941 6.425100088119507
0.003667422046049181 6.440100193023682
0.003510712257785385 6.456199884414673
0.003332051063280751 6.473100185394287
0.003182770968824803 6.489400148391724
0.003036924005222984 6.506400108337402
0.002870716748506964 6.523999929428101
0.002732290498923584 6.53980016708374
0.002619555456937714 6.557100057601929
0.002487424886661245 6.573199987411499
0.002379578098083527 6.589900255203247
0.002274663370613111 6.607100009918213
0.002151685225107991 6.622900247573853
0.002051223491425413 6.640300035476685
0.001954161654289185 6.656400203704834
0.001858434225065994 6.674000024795532
0.001784054767724556 6.689400196075439
0.001693540839919436 6.706600189208984
0.001604594669051213 6.725699901580811
0.001535553949214574 6.7399001121521
0.001468041490719926 6.758599996566772
0.001402057781840766 6.77590012550354
0.001321545256527385 6.791900157928467
0.001258994188201013 6.80810022354126
0.001197973210628383 6.82610011100769
0.001138483058348046 6.842999935150146
0.001094240155863778 6.859100103378296
0.001037396354094955 6.875400066375732
0.0009820830212107045 6.896600008010864
0.0009283010158043664 6.916800022125244
0.0008888565406417485 6.931600093841553
0.0008377498664630705 6.947999954223633
0.0008001449109560403 6.964400053024292
0.0007637833082794532 6.979600191116333
0.0007399505048165876 6.996400117874146
0.0006934368098744372 7.012900114059448
0.0006588696101331964 7.029700040817261
0.0006367419990865264 7.043499946594238
0.0006046613380042618 7.057800054550171
0.0005835076990812574 7.075299978256226
0.0005517426479682289 7.091000080108643
0.0005315233559751332 7.107500076293945
0.000502345471303741 7.125499963760376
0.0004729598676932382 7.141200065612793
0.0004542705873823479 7.157900094985962
0.0004359662994406811 7.174299955368042
0.0004093871868665869 7.190400123596191
0.0003920539768803604 7.207200050354004
0.0003751076985701046 7.224499940872192
0.0003585489280760592 7.243499994277954
0.0003334570145043323 7.260699987411499
0.0003178212379599689 7.274499893188477
0.0003025718740244552 7.292199850082397
0.0002954581728784332 7.307600021362305
0.0002808089383321322 7.325600147247314
0.0002665493239345205 7.341400146484375
0.0002586746981803825 7.360100030899048
0.0002449508610752486 7.378000020980835
0.00023161496721447 7.395600080490112
0.0002186678788340147 7.41290020942688
0.0002061105917597254 7.431400060653687
0.0001999682286546041 7.449900150299072
0.0001982302519195376 7.468499898910522
0.0001768259450087992 7.490400075912476
0.0001587951507761903 7.515400171279907
0.000148134518315501 7.535600185394287
0.000148134518315501 7.553999900817871
0.0001378659583477087 7.571500062942505
0.0001334297024506779 7.588500022888184
0.0001237971694537383 7.604600191116333
0.0001180988818077148 7.62470006942749
0.0001089832773055447 7.641000032424927
0.0001089832773055447 7.658200025558472
0.0001002647296626825 7.675300121307373
9.63735806361e-05 7.692100048065186
9.63735806361e-05 7.707600116729736
9.63735806361e-05 7.724300146102905
9.63735806361e-05 7.742300033569336
9.63735806361e-05 7.758100032806396
9.63735806361e-05 7.773900270462036
9.17830754457e-05 7.790900230407715
9.17830754457e-05 7.80810022354126
9.17830754457e-05 7.825100183486938
9.17830754457e-05 7.841500043869019
9.17830754457e-05 7.859699964523315
9.17830754457e-05 7.875699996948242
9.17830754457e-05 7.891200065612793
9.17830754457e-05 7.907999992370605
9.17830754457e-05 7.925699949264526
9.17830754457e-05 7.941999912261963
9.17830754457e-05 7.957800149917603
9.17830754457e-05 7.975699901580811
9.17830754457e-05 7.992300033569336
9.17830754457e-05 8.009700059890747
9.17830754457e-05 8.032199859619141
9.17830754457e-05 8.052999973297119
9.17830754457e-05 8.075799942016602
9.17830754457e-05 8.099999904632568
9.17830754457e-05 8.123600006103516
9.17830754457e-05 8.147799968719482
9.17830754457e-05 8.173600196838379
9.17830754457e-05 8.199000120162964
9.17830754457e-05 8.224699974060059
9.17830754457e-05 8.248699903488159
9.17830754457e-05 8.269000053405762
9.17830754457e-05 8.28980016708374
9.17830754457e-05 8.309400081634521
9.17830754457e-05 8.325400114059448
9.17830754457e-05 8.342000007629395
9.17830754457e-05 8.358400106430054
9.17830754457e-05 8.375300168991089
9.17830754457e-05 8.393600225448608
9.17830754457e-05 8.408499956130981
9.17830754457e-05 8.426199913024902
9.17830754457e-05 8.442400217056274
9.17830754457e-05 8.459000110626221
9.17830754457e-05 8.474999904632568
9.17830754457e-05 8.493000030517578
9.17830754457e-05 8.508300065994263
9.17830754457e-05 8.525699853897095
9.17830754457e-05 8.543600082397461
9.17830754457e-05 8.559600114822388
9.17830754457e-05 8.575900077819824
9.17830754457e-05 8.59280014038085