10.86960440108936 0.001600027084350586
10.86960440108936 0.01529979705810547
10.86960440108936 0.02379989624023438
10.86960440108936 0.03550004959106445
10.7810812825446 0.04739999771118164
10.84684328712717 0.05959987640380859
10.7601972032144 0.07060003280639648
10.5512224064102 0.08319997787475586
10.61604443085428 0.0942997932434082
10.42726594282543 0.1043999195098877
10.25461795852526 0.1157000064849854
10.13024168103818 0.128000020980835
10.1617410968249 0.1415998935699463
10.02193324895108 0.1560001373291016
9.8839123066418 0.1730999946594238
9.667201566451292 0.1863999366760254
9.529372312845442 0.1980001926422119
9.574758267871001 0.2098000049591064
9.360839536818098 0.2218999862670898
9.224320627422788 0.2332999706268311
9.056005599808076 0.2452998161315918
9.114542335667817 0.2599000930786133
8.937083004675289 0.2720999717712402
8.756191798507633 0.2839000225067139
8.813436259204817 0.2934000492095947
8.606781091594696 0.3047001361846924
8.459814165083642 0.316500186920166
8.515770882105841 0.32669997215271
8.29653944176623 0.3392000198364258
8.180689811503507 0.3512001037597656
8.003848077821337 0.3632998466491699
8.044289397344931 0.377000093460083
7.876100695566961 0.3880000114440918
7.731995118658658 0.3987998962402344
7.771534012360352 0.411099910736084
7.628111794220026 0.4228999614715576
7.434151150844235 0.4375
7.278442661390664 0.4504001140594482
7.124045842561654 0.4616000652313232
7.161540139418616 0.4770998954772949
7.037065232905627 0.489799976348877
6.899089687804381 0.5062999725341797
6.713981776607686 0.5223000049591064
6.552840352474419 0.5336999893188477
6.391305336316178 0.5473999977111816
6.426286620548185 0.5610001087188721
6.321029108367947 0.5738999843597412
6.189256281950973 0.5895998477935791
6.058729750639338 0.6075000762939453
5.871848133803931 0.6231999397277832
5.7336332768426 0.6352999210357666
5.592639957096027 0.6465001106262207
5.624816535912936 0.6596000194549561
5.483303053697146 0.6751999855041504
5.316353191681995 0.6879000663757324
5.158015400601114 0.6974000930786133
5.188623788574097 0.7104001045227051
5.105803621555976 0.728100061416626
4.965059063276274 0.7425000667572021
4.836250591084142 0.7567999362945557
4.694273964765327 0.7722001075744629
4.583116417729857 0.7840001583099365
4.448641548331396 0.7959001064300537
4.485973637563896 0.8095998764038086
4.35007378944956 0.8213999271392822
4.232712865237705 0.8350000381469727
4.113347208992996 0.8470001220703125
4.140044370471564 0.859799861907959
4.021279901412402 0.8715999126434326
3.924801498550643 0.8842999935150146
3.821316929944208 0.8960001468658447
3.863954489433531 0.9100000858306885
3.739979226460719 0.9232997894287109
3.623253433435985 0.9347000122070313
3.508980030165208 0.9472999572753906
3.517063806439461 0.9611999988555908
3.405566564393921 0.97409987449646
3.304208307052016 0.9899001121520996
3.192559804963185 1.005899906158447
3.136181468889045 1.01829981803894
3.073090011607597 1.029400110244751
3.010808040798673 1.044600009918213
2.959471916177269 1.058700084686279
2.933406380348418 1.071599960327148
2.844364075716944 1.082799911499023
2.771054588582733 1.094599962234497
2.69456975353705 1.11050009727478
2.702717363745152 1.122400045394897
2.628598807715098 1.134500026702881
2.558015122497676 1.147700071334839
2.478638133599954 1.160200119018555
2.501645332002246 1.171500205993652
2.440583666947618 1.183900117874146
2.412339414648732 1.194700002670288
2.335767734408564 1.211199998855591
2.27259936808169 1.223400115966797
2.207621842814363 1.239599943161011
2.228668168113383 1.254500150680542
2.182573372414823 1.267099857330322
2.09289965743565 1.278000116348267
2.049167839440449 1.289799928665161
2.068986688091822 1.30620002746582
2.025514960358068 1.318000078201294
1.96473203112498 1.329099893569946
1.903095552944592 1.343600034713745
1.844544726837664 1.357000112533569
1.868774405714532 1.373899936676025
1.82163044051934 1.386799812316895
1.759824585940393 1.398599863052368
1.707720117334844 1.41129994392395
1.652501421911177 1.424200057983398
1.609130908295956 1.43939995765686
1.625197754431567 1.455700159072876
1.576965274994758 1.467700004577637
1.525173056704966 1.479700088500977
1.468759226302443 1.494199991226196
1.428162173167149 1.507699966430664
1.379416012595797 1.52400016784668
1.340624113554656 1.541000127792358
1.293983180179054 1.558099985122681
1.256802425056887 1.57420015335083
1.216313959783323 1.591300010681152
1.176807264157244 1.608000040054321
1.188458267094792 1.622599840164185
1.149602791341441 1.635799884796143
1.104230118599941 1.647799968719482
1.064415024233055 1.660500049591064
1.025474484344077 1.677599906921387
0.9911274740927064 1.692700147628784
0.9546236169037865 1.708600044250488
0.922499361257042 1.727400064468384
0.8944230701204317 1.741199970245361
0.8615036191556196 1.757400035858154
0.8322802928944246 1.775899887084961
0.8045450953216148 1.792999982833862
0.8134341052111682 1.806599855422974
0.7863409383298592 1.819200038909912
0.7575433411189199 1.830399990081787
0.7297594803341246 1.844599962234497
0.7065256198143999 1.857500076293945
0.7114402753361495 1.874099969863892
0.6890236710704702 1.88730001449585
0.6648602173248993 1.897599935531616
0.6448983374758004 1.910599946975708
0.6473071389669635 1.923700094223022
0.6296726842675961 1.93720006942749
0.6075639574216621 1.947499990463257
0.5921001164849048 1.961400032043457
0.5951605917464426 1.974299907684326
0.5795217521944206 1.986200094223022
0.5647762915046435 1.999200105667114
0.5525604747396121 2.01200008392334
0.5418828989628 2.024399995803833
0.5428313046996887 2.04040002822876
0.5331577513068064 2.054799795150757
0.5216218147803935 2.06850004196167
0.5168895735691008 2.082299947738647
0.5124727816666108 2.09689998626709
0.5052688483490517 2.11329984664917
0.5033021363422897 2.127500057220459
0.4971352508355227 2.141900062561035
0.4922348612168601 2.157799959182739
0.4883396524118026 2.174499988555908
0.4837519607005757 2.18779993057251
0.4764714769575423 2.204400062561035
0.4710879321612119 2.219000101089478
0.4673021688955157 2.232100009918213
0.4625437991063504 2.245800018310547
0.4575779080611264 2.262700080871582
0.4563652997237627 2.278700113296509
0.4501921232109382 2.294600009918213
0.4458613799549679 2.307799816131592
0.4401989226630307 2.323600053787231
0.4354498262243953 2.341900110244751
0.433956964183555 2.358000040054321
0.4288806480068394 2.369799852371216
0.4217652519531581 2.38289999961853
0.4176168709578988 2.396399974822998
0.4151961191234518 2.411500215530396
0.4125997965509292 2.424499988555908
0.4076814073979246 2.436800003051758
0.402021325054335 2.44950008392334
0.4007292844998026 2.462100028991699
0.3964724273042457 2.474599838256836
0.3918686178612109 2.491600036621094
0.3863540864931045 2.508599996566772
0.3817625846071913 2.524600028991699
0.3807059964549084 2.540799856185913
0.3759166917443099 2.554700136184692
0.3689250894182847 2.566900014877319
0.3655000655607779 2.579799890518188
0.3626210225847296 2.592900037765503
0.3587236227613719 2.609699964523315
0.3548034416648803 2.625500202178955
0.3504663241000239 2.645799875259399
0.3452531453057499 2.66100001335144
0.3409046104995833 2.675500154495239
0.3361882455443987 2.693099975585938
0.330970167191085 2.708500146865845
0.3267715000260274 2.725500106811523
0.3223338584344526 2.741699934005737
0.3184904104147504 2.759000062942505
0.3145659465673999 2.777000188827515
0.3100712512072958 2.79229998588562
0.305902271861999 2.808900117874146
0.3042686280359383 2.824599981307983
0.3007798813947868 2.837599992752075
0.2944736253846509 2.849500179290771
0.2926191550394017 2.863199949264526
0.2911441437840766 2.876000165939331
0.2871867855322007 2.887700080871582
0.2822675057380732 2.900899887084961
0.2811713180642719 2.91159987449646
0.2778572263970944 2.926299810409546
0.2751132398872638 2.942899942398071
0.2712117212591758 2.954500198364258
0.2662418893082323 2.966599941253662
0.262974613934258 2.981500148773193
0.2591026121051506 2.996500015258789
0.2575604148928284 3.012799978256226
0.2553912146523181 3.025899887084961
0.2514388268391067 3.038899898529053
0.2466004929687223 3.051800012588501
0.2435858879196258 3.063400030136108
0.2401527806510344 3.083299875259399
0.2360951994902452 3.106299877166748
0.2312464557473966 3.120800018310547
0.2283672867256641 3.133399963378906
0.2275427940497861 3.147200107574463
0.2246524470814045 3.15939998626709
0.2208015490205716 3.176200151443481
0.216994454679316 3.19379997253418
0.2134798017081336 3.210200071334839
0.2098386886288813 3.225500106811523
0.2060546660819446 3.243099927902222
0.2021021899248558 3.259799957275391
0.1987004872752405 3.275700092315674
0.195696642958898 3.294299840927124
0.1924930031252269 3.31000018119812
0.1891947138057193 3.326599836349487
0.1860924133479611 3.344299793243408
0.1816258453443332 3.365000009536743
0.1786551991219014 3.380599975585938
0.1719692951357426 3.405600070953369
0.168822893332741 3.431699991226196
0.1649762914690601 3.455199956893921
0.1606657027474452 3.476200103759766
0.1560725704911921 3.500900030136108
0.1496928977322398 3.526299953460693
0.1469135319262191 3.549700021743774
0.1441383433191034 3.5725998878479
0.138508817333822 3.595299959182739
0.1355321821063389 3.618200063705444
0.1337840242874019 3.634000062942505
0.1301287740527326 3.64739990234375
0.1275916353636684 3.664400100708008
0.1246538126632086 3.682899951934814
0.1222013466783056 3.6975998878479
0.1194714561094936 3.714400053024292
0.1169148135340301 3.730499982833862
0.11410544345586 3.74750018119812
0.1117596390627935 3.767199993133545
0.1092854545205384 3.787899971008301
0.1062837215636853 3.803900003433228
0.1037388953692217 3.820899963378906
0.1013570362941461 3.833400011062622
0.0992907556469084 3.849599838256836
0.09696054567452578 3.866299867630005
0.09453035618721646 3.882799863815308
0.09213100922412275 3.898599863052368
0.09153988207849044 3.913599967956543
0.08945391896670771 3.928299903869629
0.0871586700042439 3.946500062942505
0.0844947630603136 3.960700035095215
0.08219828723807118 3.978700160980225
0.08008279265324113 3.997000217437744
0.07789076777715083 4.012399911880493
0.07542918600578959 4.027600049972534
0.07333804473848403 4.044500112533569
0.07140674262508706 4.062099933624268
0.06972246910763505 4.077799797058105
0.0677302292901006 4.095200061798096
0.06577835260100801 4.113799810409546
0.06386486022805096 4.130399942398071
0.06195355994561787 4.144500017166138
0.05996276160619284 4.161700010299683
0.05796960872955778 4.181299924850464
0.05596646404589882 4.198099851608276
0.05432735623393876 4.212100028991699
0.05271262672299638 4.229099988937378
0.05093838006692764 4.246000051498413
0.04851827738449077 4.261299848556519
0.04649890554619086 4.277500152587891
0.04437831011767605 4.29419994354248
0.04238106018481246 4.311500072479248
0.04031987076765822 4.327700138092041
0.03841592441852554 4.343799829483032
0.03663353929960068 4.361700057983398
0.03490798272226216 4.379299879074097
0.03329708792934531 4.394500017166138
0.03179408621646762 4.410700082778931
0.03034028883104927 4.427700042724609
0.02883984469089616 4.44539999961853
0.02737750800669706 4.46370005607605
0.02609398960443145 4.479200124740601
0.0248413436747436 4.494600057601929
0.02361635601521855 4.513500213623047
0.02242529198083634 4.529099941253662
0.02139248309570995 4.546099901199341
0.02043933021477845 4.561800003051758
0.01940082584802063 4.578200101852417
0.0184412429433892 4.594399929046631
0.0175060637651304 4.611900091171265
0.01670780361884825 4.628299951553345
0.01586337884936031 4.645900011062622
0.0151623093335523 4.661500215530396
0.01441986726320571 4.679199934005737
0.01374123354358227 4.694400072097778
0.01303449516483884 4.713399887084961
0.01244356983653682 4.730200052261353
0.01182830618711815 4.746000051498413
0.0112664133802762 4.761399984359741
0.01066286482979748 4.778899908065796
0.01017789356627937 4.795799970626831
0.009742797421028971 4.813199996948242
0.009269742666598539 4.828399896621704
0.008854414411090134 4.844399929046631
0.008368586660163262 4.862299919128418
0.007974202057918977 4.878700017929077
0.007589337387830527 4.894599914550781
0.007261130947700308 4.912600040435791
0.006920634647230558 4.928600072860718
0.006562429501468328 4.94629979133606
0.006252804965392746 4.962899923324585
0.005941580954278241 4.980700016021729
0.005675578037669412 4.995800018310547
0.005415668275178928 5.016000032424927
0.005161851746044988 5.028700113296509
0.004914128539491632 5.047100067138672
0.004672498756277744 5.065299987792969
0.004436962510533926 5.080299854278564
0.00420751993194991 5.097800016403198
0.004039437055267291 5.114799976348877
0.003820658762703626 5.131799936294556
0.003661975968305638 5.149399995803833
0.003461043722011479 5.168900012969971
0.003240770289375624 5.184900045394897
0.00308040570915825 5.198699951171875
0.00327181965931873 5.217299938201904
0.002406487632732692 5.294100046157837
0.00442858241843754 5.338900089263916
0.00502605069653258 5.35319995880127
0.00370876028947957 5.367299795150757
0.002134184352984565 5.384299993515015
0.001670802760518914 5.399700164794922
0.001760688712509975 5.415500164031982
0.001768948392377677 5.432600021362305
0.001464453562938215 5.450799942016602
0.001359484839036142 5.467299938201904
0.001290382921171352 5.484099864959717
0.001233920251892629 5.502000093460083
0.001169179446817485 5.516499996185303
0.001110711723368712 5.535300016403198
0.001061688540266828 5.551100015640259
0.001000992643187049 5.568900108337402
0.0009510662924300172 5.586299896240234
0.0008980141323156043 5.601200103759766
0.0008720594626999817 5.618900060653687
0.000821292996318872 5.635799884796143
0.0007964812227764716 5.650399923324585
0.0007480006600811804 5.668099880218506
0.0007179791974545527 5.683500051498413
0.000678084934974795 5.700900077819824
0.0006540826790655505 5.717099905014038
0.0006117042533972446 5.734500169754028
0.0005903220050916835 5.750400066375732
0.0005640472576636138 5.769000053405762
0.0005438110546250318 5.783799886703491
0.0005084948917185742 5.800500154495239
0.0004890144222575465 5.817500114440918
0.0004702998416420106 5.835299968719482
0.0004329326780168407 5.851399898529053
0.0004149798641289174 5.870299816131592
0.0003974084644672748 5.883399963378906
0.0003802185371947806 5.900500059127808
0.0003600072272446888 5.919299840927124
0.0003440044367430865 5.934599876403809
0.0003307897487916933 5.952199935913086
0.0003151190413852905 5.969799995422363
0.0002998296535672633 5.984699964523315
0.0002849216427238879 6.002000093460083
0.0002703950739574576 6.019200086593628
0.0002562500213655499 6.035200119018555
0.0002424865695747924 6.051299810409546
0.0002291048155886399 6.068399906158447
0.0002274984449344913 6.08899998664856
0.0002149918775820151 6.101599931716919
0.0002033826160238498 6.120299816131592
0.0001911400062494905 6.13700008392334
0.0001947155189381285 6.151700019836426
0.0001836891366612704 6.170000076293945
0.0001679262245922647 6.191799879074097
0.0001563028628397026 6.208899974822998
0.0001563028628397026 6.224200010299683
0.000146153719240251 6.240200042724609
0.0001355748112207654 6.253299951553345
0.0001399843920700213 6.272700071334839
0.0001256575139303039 6.287299871444702
0.0001160855961297596 6.307299852371216
0.0001166323320573433 6.322700023651123
0.0001068494149339998 6.338399887084961
9.80386578035e-05 6.356600046157837
9.80386578035e-05 6.370700120925903
9.91098635804e-05 6.387200117111206
9.91098635804e-05 6.402099847793579
8.95624330744e-05 6.418299913406372
8.95624330744e-05 6.436200141906738
8.95624330744e-05 6.452100038528442
8.95624330744e-05 6.467400074005127
8.95624330744e-05 6.484799861907959
8.95624330744e-05 6.50059986114502
8.95624330744e-05 6.517400026321411
8.95624330744e-05 6.535000085830688
8.95624330744e-05 6.551800012588501
8.95624330744e-05 6.568900108337402
8.95624330744e-05 6.586099863052368
8.95624330744e-05 6.600600004196167
8.95624330744e-05 6.62089991569519
8.95624330744e-05 6.634900093078613
8.95624330744e-05 6.654000043869019
8.95624330744e-05 6.670799970626831
8.95624330744e-05 6.686000108718872
8.95624330744e-05 6.701500177383423
8.95624330744e-05 6.71970009803772
8.95624330744e-05 6.735399961471558
8.95624330744e-05 6.753900051116943
8.95624330744e-05 6.770000219345093
8.95624330744e-05 6.78659987449646
8.95624330744e-05 6.807899951934814
8.95624330744e-05 6.829200029373169
8.95624330744e-05 6.84850001335144
8.95624330744e-05 6.869799852371216
8.95624330744e-05 6.898000001907349
8.95624330744e-05 6.94950008392334
8.95624330744e-05 6.971000194549561
8.95624330744e-05 6.99810004234314
8.95624330744e-05 7.017600059509277
8.95624330744e-05 7.036700010299683
8.95624330744e-05 7.051500082015991
8.95624330744e-05 7.070600032806396
8.95624330744e-05 7.087500095367432
8.95624330744e-05 7.103399991989136
8.95624330744e-05 7.120000123977661
8.95624330744e-05 7.13700008392334
8.95624330744e-05 7.152699947357178
8.95624330744e-05 7.168900012969971
8.95624330744e-05 7.184599876403809
8.95624330744e-05 7.203200101852417
8.95624330744e-05 7.218700170516968
8.95624330744e-05 7.234400033950806
8.95624330744e-05 7.252700090408325
8.95624330744e-05 7.268800020217896