
0.0 0.0 1.570796326794897
0.0 0.0 1.570796326794897
0.0006544771034838256 5.28843932375e-06 1.563370579247621
0.00174302962556933 7.57526337995e-05 1.507897662556021
0.0002211867699422679 -5.16107950914e-05 1.487521812621776
0.0002211867699422679 -5.16107950914e-05 1.482134993942781
0.002388232840394796 0.0002004973418331463 1.457368432423993
0.00195510152543401 0.000147741760450375 1.451548294443596
0.004112868855129844 0.0004697469390805281 1.426773591670057
0.006688350485730066 0.0009396259827095891 1.397032441981607
0.007118013053102216 0.001015625756168891 1.40284984879036
0.0105338707404578 0.001734383748265038 1.373955588280669
0.01328711010486848 0.00241517501106315 1.341707977189954
0.01392372172965177 0.002567141736914056 1.350428365495085
0.01793108251980659 0.00362704070963444 1.330223443796767
0.02023193778242546 0.004309124394618558 1.302918228666066
0.02149279803335946 0.004660840777397213 1.320352069897851
0.02482861381839453 0.005688960342321059 1.296793373002619
0.02750805972779601 0.006618677159332816 1.26449783371624
0.02812810680811439 0.006828223967382249 1.273207720370149
0.03141017791922542 0.008016797066976358 1.254999968093957
0.03404141921481968 0.009075273795866621 1.222671880040832
0.03465058260851164 0.009314623344353266 1.231374550681436
0.03786389762713283 0.01067818609779435 1.20773224386674
0.04043433155167396 0.01187679912158929 1.175361530847746
0.0412291616813567 0.01223706099081123 1.186953372202011
0.04436852044342308 0.0137632075612642 1.163260939904641
0.0468742773165851 0.01509173540585163 1.130845883167185
0.04764963862480576 0.01549218314424094 1.14242458651094
0.05070682139008428 0.01717691764295352 1.118676106431572
0.05332438135152114 0.01875085802595745 1.083711014604613
0.05407705700467423 0.01919247200967777 1.095274158683883
0.05703909549633245 0.02103936799088611 1.071459748066901
0.05956811426669267 0.02275196033588056 1.036432496835284
0.06029592069255364 0.02323345940747078 1.047978394181451
0.0631542218001975 0.02523715887832719 1.024091300108808
0.06541817610784707 0.02694546641332133 0.9915067821234439
0.06612039987669054 0.02746356421097932 1.003034840164419
0.06887246493436026 0.02961084963910053 0.9790728825585095
0.07104607129649348 0.03143272755041533 0.9464238910615203
0.07155105355044777 0.03184909417944113 0.9550542770752593
0.07435459082081516 0.03427717143025184 0.9338849679422589
0.07771066106290439 0.03739595911336543 0.9025834567979835
0.07926821412489495 0.03892359638813034 0.8773867475641411
0.07973916784661648 0.03937809703562349 0.885992658934057
0.0821847295724943 0.04186886491649675 0.8618072051560727
0.08543494714129099 0.04540054696997427 0.8331800583592132
0.08716587669543475 0.04736466886634236 0.813618039732914
0.08896541280683325 0.0495568078959241 0.780690248427139
0.08952635081583596 0.05022530778337573 0.7921146285679969
0.09182512800178411 0.05313580667731262 0.765180023144132
0.09417525167451291 0.05628194329220744 0.741032538865621
0.09606956516837441 0.05895042273776266 0.719064649807089
0.09812592294780305 0.06203696984500513 0.6919387294493068
0.09961484054399157 0.06445087293605972 0.6587653201956236
0.1000809442978912 0.06518863362901335 0.6701150306664123
0.1018652090369342 0.0681888163121972 0.6454143341413288
0.1038775545826445 0.07181273570140882 0.6183503174073006
0.1050738829359298 0.07414140279146847 0.5875832778375594
0.1065847915896602 0.07728812359756976 0.5626474786486038
0.1068728450787727 0.07787582542161423 0.5711086077742717
0.1084239475330947 0.08124472161153161 0.5489526494364199
0.1095958270212154 0.0840652901617161 0.5128648883587605
0.1098518195543508 0.084667648916574 0.5212984559463434
0.1112192834980561 0.0881151730607838 0.4989829198140079
0.1122375976862303 0.0909947467610268 0.4627594554013577
0.1124607866085909 0.09161001495580903 0.4711640526579233
0.1136406449194894 0.09512616551123855 0.4486810016376015
0.1147158259147009 0.0986757241020748 0.4207144220381624
0.1154424968435754 0.1014172114907694 0.3868778310309755
0.1156751626823604 0.1022582882749748 0.3980248186131736
0.1165148848781445 0.1056464387181186 0.3724942172563495
0.1173924306604304 0.1096976409760707 0.344418541636671
0.1178636970010735 0.1122728691176881 0.3129952892385408
0.1179867117911663 0.1129157031615854 0.3213063276891601
0.1185502217308699 0.1163605766482789 0.2955081993448079
0.1190979140312368 0.1204693914991773 0.2671078599337264
0.1193597848087302 0.1230742553422784 0.235475118626183
0.119430512282113 0.1237249210560547 0.2437338173578349
0.1197418143381007 0.1274206579774523 0.22041000468718
0.119967228102549 0.1315596814093311 0.1916790984949117
0.1200250443010521 0.1341770367983433 0.1598334569449584
0.1200447850283811 0.1348312374940473 0.1680389155118778
0.1200667615423297 0.138539997043422 0.1444092849444731
0.1199685222215071 0.1426839897281029 0.1153301954701729
0.1198219312839417 0.1452978763060218 0.08326079342482107
0.1197905648883444 0.145951622736836 0.09141024555743438
0.1195106928030938 0.149431043436804 0.05932933223843184
0.1190438499442467 0.1537693203391943 0.03256061715374337
0.1186324386964837 0.1570158487850254 0.01375944098597159
0.1181166657572409 0.1606886350076891 0.0002936737390062394
0.1177551968895832 0.1628401431861261 -0.02670916041052318
0.1175031733631348 0.1645671806321543 -0.005172564398860269
0.116915196472619 0.1684499039100769 -0.01060876309427461
0.1163055951871395 0.17254999081252 -0.007954619757766679
0.1160117852337441 0.1742704122461091 -0.02956363664221517
0.115783127554099 0.1757803601875235 -0.01072942164815038
0.1152160746195902 0.1796661944410869 -0.005367929651798997
0.1145860158034693 0.1839837880561574 -0.0053963535244963
0.1143370449335498 0.1854905198259736 -0.02429524092847291
0.1137948416320631 0.1887177820936292 -0.02709644669591182
0.1135165492580309 0.1906614558249254 -0.002862623694571464
0.1129622176435553 0.1947693802151786 0.005244202870946957
0.11243706137721 0.1986610980585763 0.005269652862576635
0.1121664463617614 0.2003853201183125 -0.01631280518978739
0.1115815229756527 0.2040477298434289 -0.01909391314380238
0.1110310068475505 0.2074947037023619 -0.01917719545879493
0.1104325743392637 0.211375829236241 -0.0138583809194619
0.109897024345561 0.2150457838090509 -0.005805190206859878
0.1096606742036679 0.2169950023267145 0.01848127403675015
0.1092089808501078 0.2208959291385185 0.02398722121921293
0.1086989378378191 0.2250095871773521 0.01599124595252799
0.1082875265900561 0.2282561156231832 0.01335367590415504
0.107791545671841 0.2319316269197255 0.005298664907148476
0.107441671777081 0.2340850510400354 -0.02169645336238113
0.1071989550997903 0.2358134210271713 -0.0001495160526221451
0.1066732917266183 0.239484804741842 -0.00285665514063882
0.1060361604487302 0.2440217759580736 -0.000164225536463336
0.1057953096426854 0.2455298270213568 -0.01905621116511469
0.1052262333685836 0.2489737853523653 -0.0245555272706468
0.1046314477474916 0.2526346063568923 -0.02196955298817027
0.1043396942661887 0.2547966718254466 0.004978934159896919
0.1038734281853906 0.2584760707307219 0.01312384580428971
0.1032852126204656 0.2630196427320615 0.01049464928087485
0.1028930689105155 0.2660486907329546 0.01053789885526513
0.1023871901468507 0.2697228528195693 0.00247003158702408
0.1018515538088526 0.2736131420877495 0.002483255687151464
0.1015366673035685 0.2755512237960284 -0.0218158227703118
0.1012939506262778 0.2772795937831643 -0.000269190305356215
0.1007478381023737 0.28116842625422 -0.0002706466628323856
0.1001410464091469 0.2854893512220597 -0.0002722834314141664
0.09971629222388807 0.2885139986995475 -0.0002734409987819042
0.09939618681970583 0.2904512252607397 -0.02458129896473782
0.09912313055775376 0.2923956414962675 -0.0003415509250825899
0.09857701803384963 0.2962844739673232 -0.0003434384751430652
0.09797022634062282 0.3006053989351629 -0.0003455603728177437
0.09754547215536405 0.3036300464126506 -0.0003470613697544866
0.09699935963145992 0.3075188788837063 -0.0003490104908543401
0.09645324710755579 0.311407711354762 -0.0003509816284019696
0.09592758373438381 0.3150790950694327 -0.003060716876260194
0.09564304559733293 0.3168010742349369 -0.02467024283649955
0.09536998933538086 0.3187454904704648 -0.0004307848888596144
0.09482387681147673 0.3226343229415205 -0.0004332582234831683
0.09421708511824992 0.3269552479093601 -0.0004360398968663581
0.0937707215032515 0.3301971556328436 0.002268291869889083
0.09325494856400871 0.3338699418555073 -0.0004274615450683417
0.09270883604010458 0.337758774326563 -0.000429971848627364
0.09238873063592232 0.3396960008877553 -0.02474330204515285
0.09174851982755781 0.3435704540101399 -0.02488988516363633
0.09147546356560575 0.3455148702456677 -0.0006511300018594568
0.09098938409090908 0.3491917040883267 0.007471026749323206
0.09041752588538358 0.3535173909620431 0.007520964637118155
0.08997989566342914 0.3567604891648746 0.004851878648643115
0.0896702303413716 0.3586994119605244 -0.01944759325643397
0.08907544472027958 0.3623602329650513 -0.02226853658074313
0.08853421468938248 0.3658086770845237 -0.01697373994699003
0.08794623779886662 0.3696914003624462 -0.01165841667261081
0.08742057442569465 0.3733627840771169 -0.003599163406045935
0.0871696336737168 0.3755299656392303 0.02341566322861932
0.08675295901272981 0.3792153099364615 0.02626354022306754
0.08616238289323759 0.383978492928795 0.01560942226463613
0.08577023918328756 0.3870075409296882 0.01027304695223985
0.08526436041962268 0.3906817030163028 0.002206037474883349
0.08494947391433867 0.3926197847245818 -0.0221051862630266
0.08434483037310553 0.3962789904512783 -0.02494945940544868
0.0837500447520135 0.3999398114558053 -0.02239227746060979
0.08318485849418714 0.4036053189044688 -0.01440019605107623
0.08264930850048438 0.4072752734772787 -0.006359134435463432
0.08210319597658025 0.4111641059483344 -0.0009787380728063511
0.08157803971023492 0.4150558237917322 0.004437390256601503
0.08105288344388958 0.4189475416351299 0.00446709227733999
0.08052772717754426 0.4228392594785276 0.004497194600479038
0.08000257091119893 0.4267309773219254 0.004527705373343682
0.07949669214753405 0.43040513940854 0.001846125095289253
0.07927609967995269 0.432356204036486 0.02617616667821876
0.07884950040159036 0.4360404126920787 0.02363568768081326
0.07828576865116597 0.4405870873665789 0.01568162150551355
0.07789362494121595 0.443616135367472 0.01035077038355858
0.07738774617755106 0.4472902974540867 0.002285631093130736
0.07687197323830827 0.4509630836767504 -0.0004105062386943192
0.07655186783412601 0.4529003102379426 -0.02473879894715569
0.07627881157217395 0.4548447264734705 -0.0004998916524669994
0.07573269904826982 0.4587335589445262 -0.0005034834731763027
0.07508335017552797 0.463268797650884 -0.003223918005961224
0.0746504509270334 0.4662922901217893 -0.00324219008337101
0.07413467798779061 0.469965076344453 -0.0005525837203628203
0.07381457258360835 0.4719023029056453 -0.02488455361633179
0.07321978696251633 0.4755631239101722 -0.02234656004818802
0.07265998873090029 0.4790086025026682 -0.02249483516854833
0.07207201184038445 0.4828913257805907 -0.01180935594519261
0.07154634846721247 0.4865627094952614 -0.003755807511231168
0.07101071212921437 0.4904529987634416 0.001643460771179717
0.07045638051473874 0.4945609231536948 0.004372096507823109
0.07024104385663302 0.4965125748497849 0.02872327906292904
0.06984422742661296 0.5002001102168167 0.03164753816185639
0.06929274376219588 0.5047482867580317 0.01834704451318014
0.06889244301832803 0.5077762675696332 0.00761994726404347
0.06839646210011299 0.5114517788661755 0.00496357648177681
0.06785034957620886 0.5153406113372313 -0.0004266384306375048
0.0675302441720266 0.5172778378984236 -0.02476668029085838
0.06691574709700839 0.5209354018017666 -0.02767060981520797
0.06635594886539235 0.5243808803942626 -0.02244575389402015
0.06606419538408939 0.5265429458628168 0.004508822981617033
0.06559792930329134 0.530222344768092 0.01268748207476222
0.06499452613990561 0.5349839198219777 0.01281717156156681
0.0645183516349663 0.5386620495373479 0.01020436418792858
0.06399319536862097 0.5425537673807457 0.004858503201760511
0.063606346902289 0.545363420741098 0.00217847008347416
0.06309057396304621 0.5490362069637618 -0.0005191333828540312
0.06254446143914208 0.5529250394348175 -0.0005236493388434127
0.06199834891523796 0.5568138719058732 -0.0005282445531538116
0.06145223639133382 0.5607027043769289 -0.0005329211308195969
0.06096680303675237 0.5641594443512007 -0.0005371481545748402
0.06042069051284824 0.5680482768222563 -0.0005419844306058241
0.0598745779889441 0.5719371092933121 -0.0005469085858091915
0.05932846546503996 0.5758259417643679 -0.0005519230374022577
0.05882258670137509 0.5795001038509825 0.002160192140736372
0.05830681376213229 0.5831728900736463 -0.0005379158862877098
0.05776070123822815 0.587061722544702 -0.0005429820765106008
0.05721458871432402 0.5909505550157577 -0.0005481446026460723
0.05670870995065914 0.5946247171023723 0.002164702716804801
0.05619293701141634 0.5982975033250361 -0.000533540975332869
0.05564682448751221 0.6021863357960917 -0.0005387570054400381
0.05510071196360807 0.6060751682671475 -0.0005440760288568658
0.05455459943970395 0.6099640007382031 -0.0005495011264862182
0.05400848691579981 0.6138528332092589 -0.0005550355033532295
0.05350260815213492 0.6175269952958735 0.002158909592310021
0.05298683521289214 0.6211997815185372 -0.0005396825628560808
0.052440722688988 0.6250886139895929 -0.000545280940094317
0.05189461016508387 0.6289774464606486 -0.0005509966839409852
0.05140917681050242 0.6324341864349203 -0.0005561788868662099
0.05086306428659829 0.6363230189059761 -0.0005621266287152427
0.05031695176269416 0.6402118513770317 -0.0005682029551774548
0.04981107299902928 0.6438860134636464 0.00214712638964909
0.04927543666103117 0.6477763027318266 0.002170834107472208
0.04873980032303307 0.6516665920000069 0.002195071212164779
0.04822402738379027 0.6553393782226706 -0.0005036489126020172
0.04767791485988614 0.6592282106937264 -0.0005093968825895523
0.04715225148671417 0.6628995944083971 -0.003237704132769803
0.04663647854747138 0.6665723806310608 -0.0005502907947574354
0.04609036602356724 0.6704612131021166 -0.0005567851914172195
0.04554425349966311 0.6743500455731722 -0.0005634347093093073
0.04503837473599823 0.6780242076597869 0.002154273123729622
0.04450273839800011 0.6819144969279671 0.002180612591910602
0.04398696545875732 0.6855872831506309 -0.0005187873758440986
0.04344085293485318 0.6894761156216866 -0.0005252848652392839
0.04295541958027173 0.6929328555959584 -0.0005311985825990906
0.0424093070563676 0.6968216880670141 -0.0005380127176928262
0.04186319453246346 0.7007105205380698 -0.0005450039458811951
0.04131708200855934 0.7045993530091255 -0.0005521792617846355
0.0407709694846552 0.7084881854801812 -0.0005595460332947777
0.04028553613007374 0.711944925454453 -0.0005662612718382309
0.03973942360616962 0.7158337579255086 -0.0005740112150853793
0.03919331108226548 0.7197225903965644 -0.0005819762358458824
0.03868743231860059 0.723396752483179 0.002139471236901391
0.03815179598060249 0.7272870417513592 0.002169981885727701
0.0376360230413597 0.7309598279740229 -0.0005305735242127074
0.03711035966818772 0.7346312116886936 -0.003268607304715232
0.03659458672894494 0.7383039979113574 -0.0005832712705382548
0.03604847420504081 0.742192830382413 -0.0005920702202604211
0.03550236168113667 0.7460816628534688 -0.0006011387095368192
0.0349964829174718 0.7497558249400834 0.002122980921044126
0.03378418994132139 0.7566310800557755 -0.03659563031511781
0.03327084149039134 0.7600837848157276 -0.009800772699751326
0.03289874584414958 0.7624545901478649 -0.01805992797287392
0.03228914455867016 0.766554677050308 -0.01015522982317663
0.03158651045313221 0.7726227854242254 0.02275546691593089
0.03116983579214521 0.7763081297214567 0.02586673744622137
0.03056582987397412 0.7812894659332636 0.01819063195093618
0.02992159377905623 0.7862657590775881 0.01034546875770714
0.02927973612018972 0.7910223031084075 0.005071434825160814
0.02859531191052547 0.7959932282844155 0.002435949915124969
0.02794064527519445 0.800748026278858 0.00249405937686431
0.02730351399730629 0.8052849974950897 -0.0002039950640173593
0.02665416512456444 0.8098202362014476 -0.002966528086441933
0.0260170338466763 0.8143572074176791 -0.0002797938270806544
0.02541024215344947 0.8186781323855189 -0.0002864616202060688
0.02480345046022267 0.8229990573533585 -0.0002934549733901726
0.02419665876699585 0.8273199823211983 -0.0003007983268656922
0.02365054624309171 0.8312088147922539 -0.0003077288118724653
0.02304375454986491 0.8355297397600936 -0.0003158137506831249
0.02249764202596077 0.8394185722311494 -0.0003234622221679473
0.02199176326229589 0.843092734317764 0.002425423377147684
0.0214759903230531 0.8467655205404278 -0.000274409405911058
0.02095032694988112 0.8504369042550984 -0.003040702224476277
0.02043455401063833 0.8541096904777622 -0.0003560364142480843
0.01994912065605688 0.857566430452034 -0.0003646775529178026
0.01950275704105846 0.8608083381755174 0.002382952191952281
0.01904766327113835 0.8640490319013971 -0.0003178579140599158
0.01856222991655689 0.8675057718756689 -0.0003261511236674064
0.01813747573129813 0.8705304193531567 -0.0003337709702337932
0.01771272154603936 0.8735550668306444 -0.0003417553779216931
0.01728796736078059 0.8765797143081322 -0.0003501311508191662
0.01686321317552182 0.87960436178562 -0.0003589277867084295
0.01649913815958573 0.8821969167663237 -0.0003668273072370276
0.01607438397432696 0.8852215642438115 -0.0003764944702429052
0.01571030895839088 0.8878141192245153 -0.0003851955234541737
0.01534623394245479 0.890406674205219 -0.0003943082660518016
0.0149821589265187 0.8929992291859228 -0.0004038626245772559
0.01461808391058262 0.8955917841666265 -0.000413891498163288
0.01429075059291711 0.8979691831638478 0.002332615166807495
0.01395701516164235 0.9003456918961597 -0.0003693986667687721
0.01362968184397685 0.9027230908933809 0.002380789500706637
0.0132959464127021 0.9050995996256926 -0.0003204488590777821
0.01299255056608869 0.9072600621096125 -0.0003279143543715168
0.01268915471947528 0.9094205245935323 -0.000335735993947317
0.01238575887286187 0.9115809870774522 -0.0003439398855409337
0.01208236302624847 0.9137414495613719 -0.0003525547526341821
0.01177896717963506 0.9159019120452918 -0.0003616122704566127
0.01153625050234434 0.9176302820324277 -0.0003692004006434768
0.01123285465573092 0.9197907445163476 -0.0003791454625199364
0.0109901379784402 0.9215191145034834 -0.0003874957662699519
0.01074742130114948 0.9232474844906193 -0.0003962221675382072
0.01044402545453607 0.9254079469745392 -0.0004076988867098841
0.01020130877724534 0.9271363169616751 -0.0004173703130005979
0.00995859209995462 0.928864686948811 -0.0004275117394278993
0.009750289079622028 0.9303775772197699 0.002315119523975007
0.009512228484956193 0.9321065946722945 0.002374058367230258
0.009299851392326815 0.9336189184110384 -0.0003266269033537217
0.00905713471503608 0.9353472883981743 -0.0003353590766457248
0.008875097207068047 0.936643565888526 -0.0003422208782399849
0.008632380529777311 0.9383719358756619 -0.0003518189968605423
0.008450343021809265 0.9396682133660138 -0.0003593784949134093
0.00826830551384122 0.9409644908563657 -0.0003672699867585116
0.008051855889593946 0.9424762370918183 -0.003141150789205183
0.007839478796964556 0.9439885608305622 -0.0004598313667749654
0.007657441288996511 0.945284838320914 -0.0004707261233221072
0.007475403781028477 0.9465811158112658 -0.0004821496659324076
0.007293366273060431 0.9478773933016177 -0.0004941414496990593
0.007144578401394292 0.9489580292094455 0.002245815172811971
0.006966032955394922 0.9502547922988389 0.002304340530020266
0.00681433503208821 0.9513350235407989 -0.0003977055692769849
0.006632297524120165 0.9526313010311508 -0.0004085896828931457
0.006477690649657824 0.9537111197707598 -0.00317439431077382
0.006325992726351125 0.9547913510127197 -0.0004924785870974446
0.006177204854684974 0.9558719869205476 0.002254811683911395
0.006025506931378273 0.9569522181625075 -0.0004496044187938253
0.005904148592732917 0.9578164031560754 -0.0004588157331748555
0.005722111084764871 0.9591126806464273 -0.000473362833965929
0.005600752746119503 0.9599768656399953 -0.0004835844415751467
0.005479394407474135 0.9608410506335633 -0.0004942572344739382
0.00535803606882878 0.9617052356271312 -0.0005054117600540309
0.005236677730183412 0.9625694206206992 -0.0005170813869874724
0.005115319391538044 0.9634336056142672 -0.0005293026386312683
0.004993961052892688 0.964297790607835 -0.0005421155748481787
0.00484517318122655 0.9653784265156629 0.002218420918594477
0.004754154427242528 0.9660265652608389 -0.0004840507744943157
0.00463279608859716 0.9668907502544068 -0.0004966858697585952
0.004511437749951804 0.9677549352479747 -0.0005099982679863668
0.004422165026952106 0.9684033167926716 0.002228201990765566
0.0043031347296192 0.9692678255189338 0.002290862243756742
0.004212115975635178 0.9699159642641098 -0.0004112201810106964
0.00409075763698981 0.9707801492576777 -0.0004233828508242166
0.004030078467667133 0.9712122417544616 -0.0004297380372668691
0.003908720129021765 0.9720764267480296 -0.0004430384919491548
0.003848040959699087 0.9725085192448135 -0.0004500023103661821
0.003726682621053719 0.9733727042383815 -0.0004646080204266934
0.003666003451731042 0.9738047967351654 -0.0004722722833157
0.003544645113085687 0.9746689817287333 -0.0004883852774053565
0.003483965943762997 0.9751010742255173 -0.0004968612376043957
0.003394693220763312 0.975749455770214 0.002255258299671992
0.00333517807209686 0.9761817101333451 0.002296173648882682
0.003244159318112836 0.9768298488785211 -0.0004083482024279661
0.003183480148790159 0.977261941375305 -0.0004161085168634671
0.003090716024112739 0.9779098326190705 -0.003200759314813562
0.002999697270128729 0.9785579713642464 -0.0005226870154702024
0.002939018100806051 0.9789900638610303 -0.0005334374533720876
0.002878338931483361 0.9794221563578143 -0.0005446393999504195
0.002817659762160684 0.9798542488545982 -0.0005563219097701744
0.002756980592838006 0.980286341351382 -0.0005685165849229623
0.002667707869838308 0.9809347228960789 0.002197135087752988
0.002608192721171868 0.9813669772592098 0.002248088929848624
0.002548677572505403 0.9817992316223411 0.002301462222254802
0.002518337987844057 0.9820152778707331 -0.000396655747804342
0.00245765881852138 0.9824473703675169 -0.000406420765320048
0.002364894693843972 0.9830952616112824 -0.00321868818244786
0.002334555109182627 0.9833113078596744 -0.0005320794346772573
0.002273875939859949 0.9837434003564582 -0.0005462229288113463
0.002213196770537271 0.9841754928532421 -0.0005611388675286211
0.002152517601214594 0.984607585350026 -0.0005768923077531518
0.002091838431891904 0.98503967784681 -0.0005935558230827365
0.002062080857558684 0.9852558050283755 0.002130625011521836
0.002002565708892219 0.9856880593915067 0.002194955261221487
0.001943050560225766 0.9861203137546378 0.002263291109771526
0.001912710975564422 0.9863363600030298 -0.0004369195740105969
0.001852031806241744 0.9867684524998137 -0.0004511886235154527
0.001791352636919066 0.9872005449965976 -0.0004664211440050803
0.001791352636919066 0.9872005449965976 -0.0004664211440050803
0.001730673467596377 0.9876326374933816 -0.0004827181279170034
0.001669994298273699 0.9880647299901655 -0.0005001951936209892
0.001669994298273699 0.9880647299901655 -0.0005001951936209892
0.001609315128951021 0.9884968224869494 -0.0005189853325784366
0.001579557554617801 0.9887129496685149 0.002216047566997226
0.001549217969956456 0.9889289959169069 -0.0004866779331402782
0.001488538800633766 0.9893610884136909 -0.0005064454443419741
0.001488538800633766 0.9893610884136909 -0.0005064454443419741
0.001427859631311088 0.9897931809104747 -0.0005278867432521039
0.001398102056977868 0.9900093080920402 0.002212354609801181
0.001367762472316523 0.9902253543404322 -0.0004916880797800616
0.001307083302993833 0.9906574468372162 -0.0005144302614750185
0.001307083302993833 0.9906574468372162 -0.0005144302614750185
0.001307083302993833 0.9906574468372162 -0.0005144302614750185
0.001307083302993833 0.9906574468372162 -0.0005144302614750185
0.001307083302993833 0.9906574468372162 -0.0005144302614750185
0.001307083302993833 0.9906574468372162 -0.0005144302614750185
0.001307083302993833 0.9906574468372162 -0.0005144302614750185
0.001307083302993833 0.9906574468372162 -0.0005144302614750185
0.001307083302993833 0.9906574468372162 -0.0005144302614750185
0.001307083302993833 0.9906574468372162 -0.0005144302614750185
0.001307083302993833 0.9906574468372162 -0.0005144302614750185
0.001307083302993833 0.9906574468372162 -0.0005144302614750185
0.001307083302993833 0.9906574468372162 -0.0005144302614750185
0.001307083302993833 0.9906574468372162 -0.0005144302614750185
0.001307083302993833 0.9906574468372162 -0.0005144302614750185
0.001307083302993833 0.9906574468372162 -0.0005144302614750185
0.001307083302993833 0.9906574468372162 -0.0005144302614750185
0.001307083302993833 0.9906574468372162 -0.0005144302614750185
0.001307083302993833 0.9906574468372162 -0.0005144302614750185
0.001307083302993833 0.9906574468372162 -0.0005144302614750185
0.001307083302993833 0.9906574468372162 -0.0005144302614750185
0.001307083302993833 0.9906574468372162 -0.0005144302614750185
0.001307083302993833 0.9906574468372162 -0.0005144302614750185
0.001307083302993833 0.9906574468372162 -0.0005144302614750185
0.001307083302993833 0.9906574468372162 -0.0005144302614750185
0.001307083302993833 0.9906574468372162 -0.0005144302614750185
0.001307083302993833 0.9906574468372162 -0.0005144302614750185
0.001307083302993833 0.9906574468372162 -0.0005144302614750185
0.001307083302993833 0.9906574468372162 -0.0005144302614750185
0.001307083302993833 0.9906574468372162 -0.0005144302614750185
0.001307083302993833 0.9906574468372162 -0.0005144302614750185
0.001307083302993833 0.9906574468372162 -0.0005144302614750185
0.001307083302993833 0.9906574468372162 -0.0005144302614750185
0.001307083302993833 0.9906574468372162 -0.0005144302614750185
0.001307083302993833 0.9906574468372162 -0.0005144302614750185
0.001307083302993833 0.9906574468372162 -0.0005144302614750185
0.001307083302993833 0.9906574468372162 -0.0005144302614750185
0.001307083302993833 0.9906574468372162 -0.0005144302614750185
0.001307083302993833 0.9906574468372162 -0.0005144302614750185
0.001307083302993833 0.9906574468372162 -0.0005144302614750185
0.001307083302993833 0.9906574468372162 -0.0005144302614750185
0.001307083302993833 0.9906574468372162 -0.0005144302614750185
0.001307083302993833 0.9906574468372162 -0.0005144302614750185
0.001307083302993833 0.9906574468372162 -0.0005144302614750185
0.001307083302993833 0.9906574468372162 -0.0005144302614750185
0.001307083302993833 0.9906574468372162 -0.0005144302614750185
0.001307083302993833 0.9906574468372162 -0.0005144302614750185
0.001307083302993833 0.9906574468372162 -0.0005144302614750185
0.001307083302993833 0.9906574468372162 -0.0005144302614750185
0.001307083302993833 0.9906574468372162 -0.0005144302614750185