
0.0 0.0 3.141592653589793
0.0 0.0 3.141592653589793
0.0 0.0 3.141592653589793
0.0 0.0 3.141592653589793
-0.001527157556131273 -4.11327037108e-06 3.138895124688705
-0.0021816465295942 -5.876228413741788e-07 -3.136206423818428
-0.004144792968297117 -3.76049077713e-05 3.122701026792285
-0.00741424704750645 -0.000178587844036412 3.098318182330851
-0.00806834434954617 -0.0002014999814185708 3.106375193202488
-0.01024582107424796 -0.0003365640312219234 3.079304190691215
-0.01394087864569896 -0.0006558286642557551 3.054738454070804
-0.01459338158389147 -0.0007068988338774992 3.062766415213639
-0.01741141399547412 -0.001027050467502029 3.027424211968048
-0.0208704667835694 -0.00149571943451245 3.005394586618885
-0.02173644208695411 -0.001603563411602167 3.016056631791624
-0.02496486516220937 -0.002138811589119687 2.975101113533882
-0.02796659713822316 -0.002703181702736897 2.952966460766745
-0.03201589912107426 -0.003589454677910057 2.922411748183965
-0.03265637243745343 -0.003724221801428084 2.930350206361694
-0.03519950753756529 -0.004345797064594153 2.897374904945105
-0.03857171091964206 -0.005247429551463573 2.874874049751497
-0.0423306797792675 -0.006383831764180687 2.841345125885577
-0.0431686783695104 -0.006627351603655197 2.851858430588361
-0.04565775290346734 -0.007438770058959231 2.818669262159723
-0.04894617899223581 -0.008609646077235801 2.790477171489067
-0.05280828270668118 -0.01011512979807484 2.759223497346769
-0.05362472455907605 -0.01042329574545514 2.769662333575575
-0.05604289548292055 -0.01142646139891125 2.736250628826827
-0.05922993249721827 -0.01285036162749631 2.707762238648388
-0.06296278876221179 -0.01465261311930945 2.67615739509766
-0.06355446721236034 -0.01493240743341333 2.683929036638835
-0.06569261197805885 -0.01602213678226951 2.653099021644386
-0.06914210241798499 -0.01789890863349712 2.624085894355477
-0.0725397986883167 -0.01986789744282951 2.594959275387932
-0.0753306096019819 -0.02157686807117384 2.56880669820733
-0.07589151530800409 -0.02191414101038897 2.576508001328142
-0.07826945335968605 -0.0234598493799095 2.539756588340254
-0.08150315107730637 -0.02568795529026458 2.510308864594058
-0.08484533025733547 -0.02813992687725823 2.477902323487759
-0.08537615378611972 -0.02852280365621472 2.485546507198629
-0.08799370831883296 -0.03048688472191664 2.464451893631934
-0.09036591531015579 -0.03241082403262451 2.424544540011479
-0.09301681050341132 -0.03468182633686004 2.395005953443663
-0.09608347882180628 -0.03747070994142238 2.362168486597592
-0.0967353811762113 -0.03805085377685282 2.372271103436519
-0.09848006521738054 -0.0396986555517432 2.340737809259735
-0.1010997733394077 -0.04232401452103268 2.308067655965601
-0.1039394764343594 -0.04534368547452501 2.274929377220906
-0.1059834640994359 -0.0476132719800328 2.250734908175116
-0.108531909814434 -0.05060102721003582 2.220307640765024
-0.1089606604814593 -0.05109553819282626 2.22780746330782
-0.1113216125106478 -0.05395583291157715 2.200207548536034
-0.1137389760652015 -0.05705060436062113 2.169630164021043
-0.1158128800559249 -0.05985838266895138 2.139383980773863
-0.1174170316714131 -0.06219729295704915 2.101609712700404
-0.1194400174140422 -0.06530581496072918 2.073696175246072
-0.1217005778994728 -0.06903789950269484 2.036960926467523
-0.1232263158930857 -0.07168384584678687 2.012279199813936
-0.1236703602822919 -0.07243509023437406 2.022160179743849
-0.1253649670576269 -0.07548681182528912 1.991602665451444
-0.1267460284983586 -0.07821106911451348 1.950663765494093
-0.1282569371520891 -0.08135778992061476 1.925382798067279
-0.1299396599590939 -0.08514603097546196 1.89126186877986
-0.1302101774422264 -0.0857420079363377 1.898633301582871
-0.1312146455749013 -0.08815963812221014 1.863444343250813
-0.1324666389174429 -0.09141804409165287 1.832649168464269
-0.1339824708672417 -0.09574150307516907 1.797904532426658
-0.1343572130004128 -0.09676594444961087 1.810155305483785
-0.1351145200421727 -0.09904314868668389 1.777831489952288
-0.136273175946212 -0.1027953178423506 1.751846939683191
-0.1374946715998331 -0.1072109709594289 1.717008458500245
-0.1376132681844759 -0.1076308765886812 1.721898971500369
-0.1383799217124032 -0.110587420322348 1.696865133648269
-0.1389548173440089 -0.1131415125207546 1.661542884086035
-0.1394953822910724 -0.1159256808488643 1.628655055869743
-0.1397256666008549 -0.1174353815665266 1.586495290754782
-0.1398639695009669 -0.1185174093405982 1.560998315148387
-0.1397402504201731 -0.1174336172087346 1.548787301562341
-0.1398676773559276 -0.1187363970682445 1.531120384118529
-0.13980542445653 -0.1176473440977428 1.491971642549636
-0.13980542445653 -0.1176473440977428 1.470424367833657
-0.1397799233346459 -0.1161203939305715 1.453317373187922
-0.1397829788107197 -0.1163385386896367 1.450374446945703
-0.1398149430491373 -0.1145935021612714 1.420041367434001
-0.1399474513948884 -0.1119788638529183 1.390688530841045
-0.1400348228706169 -0.1106727860560282 1.376008791216268
-0.140337064484203 -0.1076334508510887 1.347122768489296
-0.1407047202604811 -0.1046013331569453 1.328998352551128
-0.1408004254418614 -0.1037339324031275 1.340753549713605
-0.1413150978268344 -0.09984081421678273 1.323605934814499
-0.1420032429869622 -0.09553209689311645 1.301537392540866
-0.1424517575470357 -0.09317455415071611 1.274568650249747
-0.1433099729653076 -0.08934248901915291 1.246563073554475
-0.1443093619576101 -0.08509515922518425 1.240581526554029
-0.1444541175597547 -0.08445686927365532 1.249383900774599
-0.1453618277093028 -0.08086083776007663 1.229208046860477
-0.1464949403625375 -0.07687356023651207 1.204088141972388
-0.1472190478800353 -0.07458558265883662 1.177046743867128
-0.1474114833436035 -0.07396001344688934 1.185835584086741
-0.1484491916851875 -0.07085640787237063 1.165108463608986
-0.1499658053800412 -0.06676514014252805 1.13742183389118
-0.1508662348129311 -0.06454064021462781 1.110315712903633
-0.1511068963858692 -0.06393199396771095 1.119087422460309
-0.1525538424620915 -0.06051706682137991 1.098726929747509
-0.1543850715402062 -0.05655661371597186 1.07091333292904
-0.1554563321648109 -0.0544091562036997 1.043733186325408
-0.1557437523182395 -0.05382114438240854 1.052485207437954
-0.1573605606191397 -0.05072750126957078 1.029086583797637
-0.1596234641531872 -0.04674387080506062 0.9986351400614883
-0.1610705521787972 -0.04430466191950392 0.9825846136778114
-0.1626021430215141 -0.04191760657206255 0.9503169966612233
-0.1630654615401517 -0.04117809355679219 0.9619444172266003
-0.1651268046330976 -0.0380948736464699 0.9358804589778265
-0.1675317276100584 -0.03471868173697628 0.9101693042156564
-0.16898134295395 -0.03280614717582547 0.8827668176996579
-0.17130823262929 -0.02991807432337871 0.8565087511392635
-0.1717147286906599 -0.02940511311756901 0.8651897959240089
-0.1740879850698498 -0.02655501934351907 0.8442941129496631
-0.1769869479863345 -0.02329394547966445 0.8158187894367219
-0.1786338096925341 -0.02154837405073471 0.7882582050846314
-0.1810967538202172 -0.01907479304026032 0.7642640048393128
-0.181554793228488 -0.01860728031632008 0.77290212203016
-0.1843775759443669 -0.01587723368381773 0.749235082176448
-0.1874412378415241 -0.01308504778120461 0.7229694050014586
-0.1892620451263445 -0.01152177111842623 0.6952335152903952
-0.1919825892039012 -0.009334687052017464 0.6655710402778694
-0.194928642483699 -0.00708165566412325 0.6440863427037287
-0.1979401447800001 -0.004916884479536694 0.617124676820231
-0.2010032327193358 -0.002825743011787551 0.5954776380258977
-0.2039380968557671 -0.0009359627885452558 0.5709044030368657
-0.2072958765056026 0.00110035071871542 0.5465341470572866
-0.2103282333124322 0.002829370379547132 0.5217949117512788
-0.2137907818421553 0.004681940096457817 0.4972328747914263
-0.2169118342099369 0.006245183170657502 0.4723186713563337
-0.2200738540140212 0.00772380670288177 0.4473126069731208
-0.2236746342086945 0.009290854521664001 0.4224427447941768
-0.2242726343223251 0.00955686976685278 0.4308750703158903
-0.2276968433796641 0.010981711054113 0.408533599557745
-0.2317773902387423 0.01252693792015435 0.3782991607489663
-0.2344533113561746 0.01346675168602648 0.3553427430058287
-0.2379813533337081 0.01461056118371613 0.3326839937160493
-0.2415417302478838 0.01564935692458546 0.3045155324094608
-0.2451262398086919 0.01660154995686345 0.2816336008031222
-0.2485228071609439 0.0174065512072253 0.2558695387953271
-0.2519398219330554 0.01811978808137049 0.2299941048107543
-0.2558041783528027 0.01881836258552863 0.2041238351077528
-0.2592546388068486 0.01934658549920624 0.1780200780773811
-0.2629332794006375 0.01981879704499039 0.1545498674894112
-0.2666242939797279 0.02018182836483168 0.1255522413422119
-0.2701061317044971 0.0204298260459541 0.09908883284407555
-0.2729404447346566 0.02053216561948741 0.06432418682184426
-0.2766491919075818 0.02055613997167248 0.0348744763555775
-0.2805757360384735 0.02049691105253352 0.0133999167597203
-0.283845698487369 0.02036825745876355 -0.01089028357132982
-0.2873319775658187 0.02019345763430239 -0.02176998026694132
-0.291473476056556 0.02001934104673957 -0.01376980819641815
-0.2960530982600027 0.01988855665976571 -0.0003047311720116852
-0.2997606831842431 0.01979266926857932 0.002401324762708157
-0.3036863613393213 0.01969114144261726 0.002414862057324996
-0.3076120394943994 0.0195896136166552 0.002428552848003918
-0.3113193527067134 0.01948374054148589 -0.0002662822806378529
-0.3152447431668106 0.01937163963836543 -0.0002678087674485852
-0.3191701336269077 0.01925953873524497 -0.0002693528566091175
-0.3228771482327788 0.01914368074414359 -0.002978983714058359
-0.3268022225213482 0.01902100757709508 -0.002996354177804861
-0.3305095357336622 0.01891513450192575 -0.0003046224142586595
-0.3344349261937593 0.0188030335988053 -0.0003064190414487911
-0.338578060165027 0.01867354525580964 -0.003018620905681502
-0.3405415074287038 0.01865979527632832 0.02128522046204662
-0.3438139693888548 0.01864569266165585 0.02409815490942613
-0.3486130788821669 0.018573301760486 0.01342265464620951
-0.3521030060886184 0.018501853281582 0.008079112332533001
-0.3553746205648061 0.01842605827135269 0.005413032650683824
-0.3575535449888372 0.01831680838106447 -0.02159410804121364
-0.3612572028414851 0.01812110740313351 -0.02442847092876299
-0.3647429984675067 0.01793691824743379 -0.02456263552878646
-0.3684481167060626 0.01777114973243821 -0.01657915871537696
-0.372372846348851 0.01763790519138793 -0.005841831296774735
-0.3762982368089482 0.01752580428826747 -0.0004578763667719699
-0.3800058217331886 0.01742991689708109 0.002248900708589296
-0.3839314998882667 0.01732838907111903 0.002263230143672246
-0.3876393296279461 0.01724248805952581 0.004986647857679216
-0.3915652669993713 0.01715153404725064 0.005018820023620307
-0.3954912043707965 0.01706058003497547 0.005051410009536461
-0.399198789295037 0.01696469264378908 0.002372551104414811
-0.4031244674501151 0.01686316481782702 0.002388154460525982
-0.4068317806624291 0.0167572917426577 -0.000307162744675793
-0.4107571711225262 0.01664519083953725 -0.0003092090050946794
-0.4144641857283973 0.01652933284843587 -0.003021629536398507
-0.4183892600169667 0.01640665968138735 -0.003042023202224797
-0.4220965732292807 0.01630078660621803 -0.0003508502807223479
-0.4260219636893778 0.01618868570309758 -0.0003532497420897229
-0.4297295486136182 0.01609279831191119 0.002355373045537235
-0.4336552267686963 0.01599127048594913 0.002371698498224717
-0.4373625399810103 0.01588539741077982 -0.0003238306677744163
-0.4412879304411074 0.01577329650765936 -0.0003261058532091354
-0.4452133209012046 0.0156611956045389 -0.0003284132350689362
-0.4489203355070757 0.01554533761343752 -0.003042151643700919
-0.4526276487193896 0.0154394645382682 -0.0003511043340118647
-0.4565530391794868 0.01532736363514775 -0.0003536404332216136
-0.4604784296395839 0.01521526273202729 -0.0003562134365333591
-0.4641860145638244 0.0151193753408409 0.002353367173665077
-0.4678933277761383 0.01501350226567159 -0.000342411343121185
-0.4718187182362355 0.01490140136255113 -0.0003449561348451979
-0.4757441086963326 0.01478930045943067 -0.0003475390354363839
-0.4794511233022037 0.0146734424683293 -0.003062605993102707
-0.4831584365145177 0.01456756939315998 -0.0003718449352794195
-0.4870838269746148 0.01445546849003952 -0.0003746907259181143
-0.4910092174347119 0.01434336758691907 -0.0003775804110990322
-0.4947168023589524 0.01424748019573268 0.002332820554880932
-0.4986424805140305 0.01414595236977063 0.002351085589063828
-0.5023497937263445 0.01404007929460131 -0.0003448739629039466
-0.5062751841864417 0.01392797839148085 -0.0003476159322186589
-0.5099821987923128 0.01381212040037947 -0.00306403287331225
-0.5136895120046268 0.01370624732521015 -0.000373448955194533
-0.5173965266104978 0.01359038933410878 -0.00309041783185382
-0.5213216008990672 0.01346771616706026 -0.003115760990487715
-0.5250289141113812 0.01336184309189094 -0.0004256482910323101
-0.5289543045714784 0.01324974218877048 -0.0004291954119004515
-0.5326618894957188 0.0131538547975841 0.002282175743078874
-0.5363692027080328 0.01304798172241478 -0.0004145219664497546
-0.54029459316813 0.01293588081929432 -0.0004180615807030108
-0.5442199836282271 0.01282377991617387 -0.0004216621653032604
-0.5479275685524676 0.01272789252498748 0.002290377302324842
-0.5516348817647816 0.01262201944981816 -0.0004063645514822412
-0.5555602722248787 0.01250991854669771 -0.0004099536951400751
-0.5594856626849759 0.01239781764357725 -0.0004136068047291275
-0.5634110531450731 0.01228571674045679 -0.0004173256056265728
-0.5669002891096039 0.01218607149323861 -0.0004206877986696611
-0.5708256795697011 0.01207397059011815 -0.0004245356143854906
-0.5747510700297983 0.0119618696869977 -0.0004284544678396784
-0.5784586549540387 0.01186598229581131 0.002284874595561703
-0.5821659681663527 0.01176010922064199 -0.0004121595896755537
-0.5860913586264499 0.01164800831752153 -0.0004160684386285141
-0.590016749086547 0.01153590741440108 -0.0004200521391251044
-0.5939421395466442 0.01142380651128062 -0.0004241128619781875
-0.5974313755111751 0.01132416126406244 -0.0004277888756067938
-0.6013567659712722 0.01121206036094199 -0.0004320013110294951
-0.6052821564313694 0.01109995945782153 -0.0004362975311469341
-0.6089897413556099 0.01100407206663514 0.002278512555686341
-0.6126970545679239 0.01089819899146582 -0.0004188682758083928
-0.6166224450280211 0.01078609808834537 -0.0004231571059367667
-0.6205478354881183 0.01067399718522491 -0.0004275346720739037
-0.6244732259482155 0.01056189628210445 -0.000432003756933419
-0.6283986164083126 0.010449795378984 -0.0004365672608077631
-0.6318878523728435 0.01035015013176581 -0.0004407054159125678
-0.6358132428329407 0.01023804922864536 -0.0004454556232733609
-0.6397386332930378 0.0101259483255249 -0.0004503093480048292
-0.643664023753135 0.01001384742240445 -0.0004552700111872809
-0.6473716086773754 0.009917960031218061 0.00226166998639421
-0.6510789218896894 0.009812086956048743 -0.0004363266734177529
-0.6550043123497866 0.009699986052928286 -0.0004412912975757521
-0.6589297028098838 0.009587885149807828 -0.0004463701992474256
-0.6626372877341242 0.009491997758621444 0.002271732356653899
-0.6663446009464382 0.009386124683452124 -0.0004263623783158366
-0.6702699914065354 0.009274023780331667 -0.0004314382257764038
-0.6741953818666325 0.009161922877211213 -0.000436636385362732
-0.6781207723267297 0.009049821974090757 -0.0004419613320054694
-0.6816100082912605 0.008950176726872573 -0.0004468048474670638
-0.6855353987513576 0.008838075823752119 -0.0004523822825728274
-0.6894607892114548 0.008725974920631662 -0.0004581007233337431
-0.6931683741356953 0.008630087529445274 0.002262317186399798
-0.6970940522907734 0.008528559703483219 0.002291635104951339
-0.7008013655030874 0.0084226866283139 -0.0004067525997362154
-0.7047267559631846 0.008310585725193442 -0.0004121600703435035
-0.7086521464232818 0.008198484822072985 -0.0004177132546256956
-0.7121413823878125 0.008098839574854803 -0.0004227765650366422
-0.7160667728479098 0.007986738671734345 -0.0004286215421256401
-0.7199921633080069 0.007874637768613886 -0.0004346304010400814
-0.7236997482322473 0.007778750377427499 0.002289086872799828
-0.7276254263873254 0.007677222551465442 0.002322076907352866
-0.7313327395996394 0.007571349476296125 -0.0003764564666113301
-0.7372231711279114 0.007545964769885666 0.02439890429850333
-0.7411501254800927 0.007529041632278693 0.02476886494982367
-0.7448586654840594 0.007483091646182121 0.01693111333399067
-0.7485667131409142 0.007407177637346621 0.008981384019144834
-0.7522740263532282 0.007301304562177302 0.0009146417824812403
-0.7561994168133253 0.007189203659056845 0.0009293678702508856
-0.7599064314191963 0.007073345667955469 -0.001791279515424904
-0.7638315057077657 0.006950672500906953 -0.001821051860524392
-0.7675381948148438 0.006824830434359462 -0.004586456153793605
-0.7714629244576322 0.006691585893309175 -0.004665231960309768
-0.7764782971596931 0.00653483684652496 -0.002016068981880892
-0.7817117295444522 0.006371272623793603 -0.002064406951680198
-0.7867275062434652 0.006228032580917467 0.0006437950907969281
-0.7915252056946951 0.006091020365992465 0.0006586106774308931
-0.7967590596414913 0.005941552495165193 0.000675570865412034
-0.8015567590927212 0.00580454028024019 0.0006919036006038937
-0.8059183040483847 0.005679983721217461 0.0007074522420111862
-0.8104975573850489 0.005536865026327525 -0.002033949903583299
-0.814858751039015 0.005400561507384724 -0.002081864678331158
-0.8194383732424616 0.005269777120410862 0.000627055114200914
-0.8235821446283774 0.005162608859673135 0.003398449369162115
-0.8277256123362577 0.005044280128601537 0.0007219969865186471
-0.8318687463075254 0.004914791785605882 -0.002019995344026526
-0.8357938205960947 0.004792118618557366 -0.002068282941895205
-0.8397188948846641 0.004669445451508848 -0.002118935686041823
-0.8434262080969781 0.004563572376339529 0.0005880756585341373
-0.8473515985570753 0.004451471473219072 0.0006031979018068512
-0.8508408345216061 0.00435182622600089 0.000617308078500578
-0.8543300704861368 0.004252180978782709 0.0006320942056552425
-0.8578193064506677 0.004152535731564521 0.0006476060475328893
-0.8613085424151985 0.004052890484346337 0.0006638983762279338
-0.8643616238841629 0.00396570089303043 0.0006788417571303995
-0.8676325191246375 0.003863473253823328 -0.002064352062056685
-0.870903677841385 0.003770055834556284 0.0006449965985249051
-0.8739567593103494 0.00368286624324037 0.0006606197246377121
-0.8770098407793139 0.003595676651924462 0.0006770184857067818
-0.879626767752712 0.003520942716510825 0.0006917366447627415
-0.8826798492216765 0.003433753125194913 0.0007097376856020077
-0.8852967761950746 0.003359019189781274 0.0007259298420390081
-0.8881315520701525 0.003270421902468458 -0.002017338954891201
-0.8907482682625321 0.003188639791102779 -0.002065659740116743
-0.8933649844549116 0.003106857679737102 -0.002116352158916257
-0.8957638341805265 0.003038351572274602 0.0005903371184343698
-0.8983807611539246 0.002963617636860965 0.0006055393779469398
-0.9005615336317564 0.002901339357349597 0.0006188191477116689
-0.9031784606051544 0.002826605421935963 0.0006355445035293172
-0.9053592330829862 0.002764327142424595 0.0006501888464027772
-0.9075400055608179 0.002702048862913231 0.0006655239822919157
-0.9097207780386497 0.002639770583401868 0.0006815999702931563
-0.9119015505164815 0.0025774923038905 0.0006984718260154565
-0.9140823229943132 0.002515214024379135 0.0007162001506051396
-0.9160448601385979 0.002453877440854878 -0.002023431271339859
-0.9180075553686465 0.002397826989294649 0.0006860153578758243
-0.9199700925129312 0.002336490405770392 -0.002056623421275106
-0.9219327877429797 0.002280439954210161 0.0006527951107839769
-0.923677405725245 0.002230617330601072 0.0006677167214599322
-0.9254220237075105 0.002180794706991978 0.0006833364468254999
-0.9271666416897758 0.002130972083382889 0.0006997044528374019
-0.9289112596720412 0.002081149459773796 0.0007168758299176403
-0.9306558776543067 0.002031326836164703 0.0007349112124162005
-0.932400495636572 0.001981504212555612 0.0007538774939837012
-0.9339269134154602 0.001933797980925632 -0.001984341494454256
-0.9354534541499424 0.001890203185267677 0.0007258371101075412
-0.9371980721322077 0.001840380561658588 0.000746000201852226
-0.9387244899110959 0.001792674330028608 -0.001995923422645873
-0.9400328480072857 0.001751783274345769 -0.002039472962199085
-0.9415593887417679 0.001708188478687814 0.0006710176683872859
-0.942867852228467 0.001670821510980995 0.0006863852796046288
-0.9441763157151661 0.001633454543274176 0.0007024732855915872
-0.9454847792018652 0.001596087575567357 0.0007193335575621518
-0.9470111969807533 0.001548381343937381 -0.0020309452957612
-0.9481015832196692 0.001517242204181697 0.0006763821466577724
-0.9494100467063683 0.001479875236474878 0.0006938758082766228
-0.9507185101930673 0.001442508268768059 0.000712298392320676
-0.9515908191842 0.001417596956963513 0.000725133379376075
-0.9528992826708991 0.001380229989256694 0.0007452772341425273
-0.9539895810843906 0.001346154109520994 -0.001994299304374891
-0.9550799673233064 0.001315014969765314 0.0007160798383489819
-0.955952276314439 0.001290103657960769 0.0007302605855583622
-0.9570425747279305 0.00125602777822507 -0.002012978251583419
-0.9581329609668464 0.001224888638469385 0.0006981518936219899
-0.9590052699579791 0.001199977326664841 0.0007130072559711209
-0.9600955683714706 0.001165901446929141 -0.002034515388224634
-0.9609678071022637 0.001138640743140584 -0.002079982816170833
-0.9620581933411796 0.001107501603384899 0.0006310550884700561
-0.9629305023323123 0.001082590291580353 0.0006459046212938802
-0.9638028113234449 0.001057678979775808 0.0006614698522824369
-0.9646751203145776 0.001032767667971264 0.000677803800512855
-0.9655474293057104 0.001007856356166716 0.0006949648545351295
-0.966419738296843 0.0009829450443621715 0.0007130174697742575
-0.967073917344938 0.0009624995165207523 -0.002019740891964439
-0.9677281490882875 0.0009438160326673428 0.0006873251322900842
-0.9686004580794202 0.0009189047208627976 0.0007064192834747018
-0.969472767070553 0.0008939934090582496 0.0007266046338259002
-0.9701269461186478 0.0008735478812168314 -0.002009877631165224
-0.9707811778619974 0.0008548643973634207 0.0006988361949540334
-0.97165348685313 0.0008299530855588764 0.0007203410744054395
-0.9720896413486964 0.0008174974296566027 0.0007315975876762693
-0.972961950339829 0.0007925861178520571 0.0007552000722954588
-0.9736161293879239 0.0007721405900106389 -0.001986269361520243
-0.9740522487533205 0.0007585102381163574 -0.002019655795212572
-0.9747064804966701 0.0007398267542629473 0.0006911802261093669
-0.9755787894878027 0.0007149154424584017 0.0007158681995846905
-0.9760149439833691 0.000702459786556131 0.0007288855769242986
-0.9764510984789354 0.0006900041306538576 0.0007423851393211223
-0.9771052775270304 0.0006695586028124383 -0.002006774857392202
-0.9777595092703799 0.0006508751189590288 0.0007068322765011459
-0.9781956637659464 0.0006384194630567542 0.0007209708230018208
-0.9786318182615127 0.0006259638071544834 0.0007356865321144213
-0.979067972757079 0.00061350815125221 0.000751015481539774
-0.979722151805174 0.0005930626234107908 -0.002005060745874587
-0.9801582711705706 0.0005794322715165106 -0.002049134496110661
-0.9808125029139202 0.0005607487876630999 0.0006662421124712381
-0.9812486574094865 0.0005482931317608292 0.0006817385359774164
-0.9816848119050529 0.0005358374758585557 0.0006979730023362052
-0.9821209664006192 0.000523381819956282 0.0007149995235140594
-0.9825571208961855 0.00051092616405401 0.0007328775135819754
-0.9829932753917519 0.0004984705081517366 0.0007516724814013998
-0.9832113350744501 0.0004916553322045957 -0.00196695860558016
-0.9836474544398467 0.0004780249803103183 -0.002019420197877153
-0.9847378406787626 0.0004468858405546332 0.0007221404593247271
-0.9856100028216044 0.0004172759425434613 -0.004947442319583217
-0.9860461573171707 0.0004048202866411894 0.0004531097426223596
-0.9862642505480084 0.0003991798518655188 0.003196474357372026
-0.9867004370096837 0.0003878989823141789 0.003301299593372775
-0.9869185142574669 0.0003816711543630416 0.0006180240156590244
-0.9873546687530332 0.0003692154984607709 0.0006393401009194832
-0.9875727284357315 0.0003624003225136301 -0.002090113968911567
-0.9880088478011282 0.0003487699706193496 -0.002166136528897411
-0.9880088478011282 0.0003487699706193496 -0.002166136528897411
-0.9886630795444776 0.0003300864867659417 0.00055770021351087
-0.9888811727753153 0.0003244460519902723 0.00331487338716574
-0.9890992500230985 0.0003182182240391349 0.0006338966490977427
-0.989535404518665 0.0003057625681368603 0.0006603163593839056
-0.9897534642013632 0.0002989473921897224 -0.002076362542402066
-0.9899715414491463 0.0002927195642385864 0.0006304647524579821
-0.9904076959447127 0.000280263908336313 0.0006591309394892164
-0.9904076959447127 0.000280263908336313 0.0006591309394892164
-0.990625755627411 0.000273448732389172 -0.002081601861737781
-0.990625755627411 0.000273448732389172 -0.002081601861737781
-0.990625755627411 0.000273448732389172 -0.002081601861737781
-0.990625755627411 0.000273448732389172 -0.002081601861737781
-0.990625755627411 0.000273448732389172 -0.002081601861737781
-0.990625755627411 0.000273448732389172 -0.002081601861737781
-0.990625755627411 0.000273448732389172 -0.002081601861737781
-0.990625755627411 0.000273448732389172 -0.002081601861737781
-0.990625755627411 0.000273448732389172 -0.002081601861737781
-0.990625755627411 0.000273448732389172 -0.002081601861737781
-0.990625755627411 0.000273448732389172 -0.002081601861737781
-0.990625755627411 0.000273448732389172 -0.002081601861737781
-0.990625755627411 0.000273448732389172 -0.002081601861737781
-0.990625755627411 0.000273448732389172 -0.002081601861737781
-0.990625755627411 0.000273448732389172 -0.002081601861737781
-0.990625755627411 0.000273448732389172 -0.002081601861737781
-0.990625755627411 0.000273448732389172 -0.002081601861737781
-0.990625755627411 0.000273448732389172 -0.002081601861737781
-0.990625755627411 0.000273448732389172 -0.002081601861737781
-0.990625755627411 0.000273448732389172 -0.002081601861737781
-0.990625755627411 0.000273448732389172 -0.002081601861737781
-0.990625755627411 0.000273448732389172 -0.002081601861737781
-0.990625755627411 0.000273448732389172 -0.002081601861737781
-0.990625755627411 0.000273448732389172 -0.002081601861737781
-0.990625755627411 0.000273448732389172 -0.002081601861737781
-0.9908438328751942 0.0002672209044380347 0.0006263789537905851
-0.9908438328751942 0.0002672209044380347 0.0006263789537905851
-0.9908438328751942 0.0002672209044380347 0.0006263789537905851
-0.9908438328751942 0.0002672209044380347 0.0006263789537905851
-0.9908438328751942 0.0002672209044380347 0.0006263789537905851
-0.9908438328751942 0.0002672209044380347 0.0006263789537905851
-0.9908438328751942 0.0002672209044380347 0.0006263789537905851
-0.9908438328751942 0.0002672209044380347 0.0006263789537905851
-0.9908438328751942 0.0002672209044380347 0.0006263789537905851
-0.9908438328751942 0.0002672209044380347 0.0006263789537905851
-0.9908438328751942 0.0002672209044380347 0.0006263789537905851
-0.9908438328751942 0.0002672209044380347 0.0006263789537905851
-0.9908438328751942 0.0002672209044380347 0.0006263789537905851
-0.9908438328751942 0.0002672209044380347 0.0006263789537905851
-0.9908438328751942 0.0002672209044380347 0.0006263789537905851
-0.9908438328751942 0.0002672209044380347 0.0006263789537905851
-0.9908438328751942 0.0002672209044380347 0.0006263789537905851
-0.9908438328751942 0.0002672209044380347 0.0006263789537905851
-0.9908438328751942 0.0002672209044380347 0.0006263789537905851
-0.9908438328751942 0.0002672209044380347 0.0006263789537905851
-0.9908438328751942 0.0002672209044380347 0.0006263789537905851
-0.9908438328751942 0.0002672209044380347 0.0006263789537905851
-0.9908438328751942 0.0002672209044380347 0.0006263789537905851
-0.9908438328751942 0.0002672209044380347 0.0006263789537905851