
0.0 0.0 -1.570796326794897
0.0 0.0 -1.570796326794897
-0.001525916907415942 6.16823467789e-05 -1.528869365095455
-0.0002198863654509445 -2.63926766662e-05 -1.503241201142011
-2.25493496848e-06 -4.16580724301e-05 -1.500765428939055
0.001517331040979574 -0.0001935974746402644 -1.472657804917688
0.001083403766003259 -0.0001478480768483479 -1.466836926099275
0.003030512829320303 -0.0004009893708407583 -1.444544397730716
0.005185607872039607 -0.0007404190999659578 -1.419767988760268
0.005401208016819848 -0.0007737814951499442 -1.422677332407166
0.008187108954825783 -0.001305344948427564 -1.390455299319969
0.01201871122533599 -0.002165624506084941 -1.36198097426225
0.01287218857286698 -0.002347613425303199 -1.373612161014919
0.0164602631454591 -0.003286283347992473 -1.331435473038209
0.02003537162436592 -0.004273187459997337 -1.321574031942951
0.02066765975850531 -0.004442243551285353 -1.330292519523685
0.02338025018188232 -0.005270287593740906 -1.298021096321527
0.02668414584385996 -0.006396773388695145 -1.269049870819426
0.02751310585256691 -0.006669479922227693 -1.280664781022419
0.0311795707656757 -0.008075997578584812 -1.235915737095273
0.03400703373064096 -0.009231143310827191 -1.217255794516301
0.03779618068807677 -0.01091182521701854 -1.191512451225645
0.03839659175226072 -0.01117235314369927 -1.20020902754612
0.04076330555285495 -0.01229153040011478 -1.170324371700178
0.04407673520049579 -0.01395783299339675 -1.149507433387564
0.04466381498394895 -0.0142471521501003 -1.158195115581423
0.04716237899740593 -0.01558915871189519 -1.125775056575074
0.05038623544146543 -0.01742276990032626 -1.104896525300841
0.05095774727152057 -0.01774174086245618 -1.113573652074054
0.05356679076466318 -0.01932975866205987 -1.078602636387709
0.05650875995159653 -0.02120845876974152 -1.060156132195582
0.06010841237635695 -0.02367444562242051 -1.031654386834401
0.06065133144143132 -0.02403996872066989 -1.040311757030904
0.06260145854348076 -0.0254386028324714 -1.012766158313443
0.06538219076486187 -0.0275486324778653 -0.9888180463284083
0.06608301653882212 -0.02806861977003675 -1.000345274365518
0.06830014355677765 -0.02983727788496298 -0.9677287375803992
0.07112967684138907 -0.03223501051257591 -0.9411834823946377
0.07421132380352184 -0.03500733414729498 -0.9149414265643152
0.07470142071807986 -0.03544112356730861 -0.9235611318670648
0.07709861374814359 -0.03766882905524688 -0.9019742829630698
0.079107320048642 -0.03967105350310001 -0.8692038722822619
0.08166985509488445 -0.04235224624123406 -0.8478493997608703
0.08458109414199033 -0.04560236561554561 -0.8188441773321075
0.08502170495648463 -0.04608633912383479 -0.8274272941821912
0.08658400055662679 -0.04790798825322794 -0.799596665420266
0.08878424843822294 -0.05061789711719368 -0.7752179722398639
0.09130056828741961 -0.05391190087423205 -0.7485490721575028
0.0917020715057507 -0.05442877940178455 -0.7571022400504073
0.09378353046113351 -0.05723096166004774 -0.7380271787495226
0.09539397589320067 -0.05956554283267309 -0.704952675286461
0.09740858178593211 -0.06267950228315015 -0.6777855462281805
0.09955611424709118 -0.06622498259801753 -0.6508229359594975
0.1010818522407041 -0.06887092894210955 -0.6311950013372229
0.1015258966299103 -0.06962217332969674 -0.6425269545897743
0.1029798236875402 -0.0723082493881991 -0.6066798949382091
0.104558179619805 -0.07542168629016979 -0.5818009136060496
0.1064043296136052 -0.07937520610636661 -0.5519388227409012
0.1066860348216736 -0.07996597714689095 -0.5603944248862205
0.1076543320717153 -0.08216178531893245 -0.5320814350087943
0.1089762391204022 -0.08539245994601888 -0.5069813442761566
0.1104316677328316 -0.08927370380449594 -0.4794297283247078
0.1106664164845581 -0.08988465492376645 -0.4878443571644822
0.1115259488393067 -0.09235752695368253 -0.4567829095458211
0.1126583494290464 -0.09588924739372315 -0.4342485828232023
0.1137358936066284 -0.09966550949030242 -0.4036204856254491
0.1139843747029818 -0.100502050400373 -0.4147816481658313
0.1146483294915357 -0.1030344516292381 -0.3835412264812816
0.1154423485408521 -0.1064336030734652 -0.3579596170987522
0.116232311238519 -0.1102803180113046 -0.332447960341383
0.1163691477226914 -0.1109203524034855 -0.3407719730265943
0.1170067487445526 -0.1143522850555622 -0.3150441414656555
0.1174268664711398 -0.1171571566813323 -0.2809099618880884
0.117903766514467 -0.121055082184132 -0.2550884686224493
0.1182850562407743 -0.1251826655545143 -0.2265106904402518
0.1183505239351477 -0.1258338815152896 -0.2347633794736157
0.1185197328392854 -0.1282277364481548 -0.2056915142496054
0.1186715290487874 -0.1319334534196765 -0.1768054703180759
0.1187184193876164 -0.136078345171094 -0.1478750403443896
0.1187311109845826 -0.1367327205755382 -0.1560719311136394
0.1187065492834985 -0.1391324226019745 -0.1267926818345659
0.1185606203763272 -0.1430567010873465 -0.1003111253078415
0.118541584472424 -0.1437109226713207 -0.1084732582415793
0.11835990219041 -0.1465412575083399 -0.07370051932847543
0.1180326764626274 -0.1502356185742512 -0.0496735644296511
0.1175448002732804 -0.154351964424482 -0.02014338029396234
0.117451431701511 -0.15521961980496 -0.03094864585958867
0.1171240983838454 -0.1575970188021813 -0.001324870922613686
0.1165465813765491 -0.1614813116571274 0.009492595362122103
0.1159048958128866 -0.1657971926070676 0.009541773512293572
0.1157088239579116 -0.1673117166075141 -0.009329007601569961
0.1154475008954601 -0.1690373713977019 0.01224368522184038
0.1149020681663469 -0.172705870205151 0.009592682805112496
0.1141878863823494 -0.1778929225627247 -0.001188404513103647
0.1139871337807671 -0.1796266678124153 -0.02278358458769181
0.1137829063438551 -0.1811401136404034 -0.003936978323805684
0.1132770275801902 -0.184814275727018 -0.001249172962993539
0.1126818760935256 -0.1891368193583294 -0.001255830886868869
0.1125021322342925 -0.190653367829467 -0.02014727752833667
0.1122594155570018 -0.1923817378166029 0.001402993883982351
0.1117133030330976 -0.1962705702876586 0.001409783583256941
0.1111479091207663 -0.2003769867374044 -0.00129021656168149
0.1109681652615332 -0.201893535208542 -0.02018225745150426
0.1105415659831708 -0.2055777438641348 -0.0229814353484461
0.1102685097212188 -0.2075221600996626 0.001262338932345175
0.1097014567867099 -0.2114079943532261 0.006681952707493277
0.1090713979705891 -0.2157255879682966 0.006718773207855966
0.1086303567993044 -0.2187479034988459 0.006744789937002338
0.1080428506763475 -0.2228512147093602 0.004072783945767267
0.1078117514287621 -0.22480106274368 -0.02021849282165178
0.1075690347514714 -0.2265294327308159 0.001331751695175409
0.1070631559878065 -0.2302035948174305 -0.001368155469199994
0.1064680045011419 -0.2345261384487419 -0.001375879813872993
0.1060129107312218 -0.2377668321746216 0.001323132139396943
0.1057870640544417 -0.2397172955805237 -0.02297616858055829
0.1055490034597759 -0.2414463130330482 -0.001432150182402392
0.1050133671217778 -0.2453366023012284 -0.001439531442105402
0.1043762358438897 -0.24987357351746 0.001261463031676513
0.1039514816586309 -0.2528982209949479 0.001266570977681791
0.103445602894966 -0.2565723830815625 -0.001433888669249317
0.1032250104273846 -0.2585234477095085 -0.02574190444687696
0.1027838254922219 -0.2624255769654004 -0.02587763270673715
0.1025160073232229 -0.2643707215994905 -0.001641276070961428
0.1019804573295201 -0.2680406761723005 0.006471265653195557
0.1013503985133992 -0.272358269787371 0.006509699471086261
0.1008691343406523 -0.2755951804998261 0.009244285912531902
0.1003335843469495 -0.279265135072636 0.006584264476025448
0.0997874718230454 -0.2831539675436917 0.001203942936870206
0.09924135929914127 -0.2870428000147474 0.001210510966088929
0.09873548053547639 -0.2907169621013621 -0.001490578357927985
0.09819984419747828 -0.2946072513695422 -0.001498797290840237
0.09768407125823549 -0.2982800375922059 0.001200865669207962
0.09713795873433136 -0.3021688700632617 0.001207558911464179
0.09691211205755131 -0.3041193334691636 -0.02309748845342341
0.09667405146288548 -0.3058483509216882 -0.001554074232160918
0.09613841512488737 -0.3097386401898685 -0.001562831042137613
0.0955432636382228 -0.3140611838211798 -0.001572677301491021
0.09536351977898967 -0.3155777322923174 -0.02047168154407664
0.09493692050062735 -0.3192619409479102 -0.02329007895338009
0.09469885990596152 -0.3209909584004347 -0.001747241008806633
0.09392856918886379 -0.3281491152893786 -0.03170765925841756
0.09348752801757916 -0.3311714308199279 0.006027207925904943
0.09332710662666352 -0.332250401057413 0.008734725888815298
0.09266554486973658 -0.336783874353237 0.006082648150262715
0.09220172424634955 -0.3400233305720641 0.003405882671943194
0.09168595130710676 -0.3436961167947278 0.0007164608520910942
0.09113983878320263 -0.3475849492657835 0.0007207318713757793
0.09063396001953775 -0.3512591113523981 -0.001983846700980285
0.09041336755195639 -0.353210175980344 -0.02630336635788399
0.09014554938295734 -0.3551553206144342 -0.002068902499610115
0.08960991304495923 -0.3590456098826144 -0.002081456122013492
0.08897278176707107 -0.3635825810988461 0.0006163161617542823
0.08854802758181231 -0.3666072285763338 0.0006192595183003302
0.08834260602840302 -0.3683404268290626 -0.02098527952699669
0.0879160067500407 -0.3720246354846553 -0.02381717168748065
0.08747948594904595 -0.3757076817717039 -0.0212480319380024
0.08701321986824789 -0.3793870806769792 -0.0132457311292522
0.08668075736364415 -0.3815432615291342 0.01373618030116064
0.08608597174255213 -0.3852040825336612 0.02194673634229249
0.08536341932441788 -0.3897282357235107 0.01939646493237901
0.08489797181797264 -0.3927468889165278 0.01407943015462831
0.08436242182426988 -0.3964168434893377 0.006035710209163714
0.08381630930036575 -0.4003056759603934 0.0006530997760600954
0.0835904626235857 -0.4022561393662955 -0.02366431201579555
0.08335240202891987 -0.40398515681882 -0.002123176934512694
0.08281676569092176 -0.4078754460870002 -0.002137122171000705
0.08216209905559074 -0.4126302440814426 -0.002154417134773379
0.08174549301492554 -0.4156560246233606 -0.00216556952052982
0.08122972007568274 -0.4193288108460243 0.0005311786914627969
0.08100387339890269 -0.4212792742519264 -0.02378916338255199
0.08055218004534258 -0.4251802010637304 -0.02395009575991169
0.08016701463270015 -0.4284299477875968 -0.02137720159922907
0.07981408757268574 -0.4308036823100639 0.008284748394244534
0.07923903066485757 -0.4344676541870033 0.0164712568014922
0.07854085940518971 -0.4389956339765288 0.01388927515196547
0.07802751095425965 -0.4424483387364809 0.008555173352943424
0.07753276895598014 -0.4459037587032298 0.003188121852740533
0.07701699601673735 -0.4495765449258935 0.0004980137898502601
0.07647088349283322 -0.4534653773969492 0.0005015576244080666
0.07592477096892909 -0.4573542098680049 0.0005051522558334742
0.07541889220526421 -0.4610283719546196 -0.002203169828557838
0.07490311926602142 -0.4647011581772833 0.0004936033692144459
0.07467727258924137 -0.4666516215831853 -0.02383365169075846
0.07422557923568125 -0.4705525483949894 -0.02400870083089512
0.07395252297372919 -0.4724969646305173 0.0002328383602885342
0.07344847592083247 -0.4759510395225737 0.005656726717772953
0.07275541122309948 -0.4807003924991512 0.005708503361361972
0.07231437005181485 -0.4837227080297005 0.00574194852112786
0.07178870667864287 -0.4873940917443712 0.003070382876997124
0.07123212193057843 -0.4912814392069637 0.003093855298273773
0.07071634899133564 -0.4949542254296274 0.0004033582404441294
0.07017023646743151 -0.4988430579006831 0.0004064883616898829
0.06962412394352738 -0.5027318903717388 0.0004096674433047287
0.06911824517986249 -0.5064060524583535 -0.002300735926211495
0.06860247224061972 -0.5100788386810171 0.0003956173266961294
0.06805635971671559 -0.5139676711520729 0.0003987829093334838
0.06751024719281146 -0.5178565036231286 0.0004019995602257964
0.06700436842914657 -0.5215306657097433 -0.002308999839891301
0.06646873209114847 -0.5254209549779234 -0.00232792137875637
0.06595295915190567 -0.5290937412005872 0.0003683386946944367
0.06540684662800154 -0.5329825736716429 0.0003714059936306136
0.06486073410409741 -0.5368714061426986 0.0003745248067148488
0.06437530074951596 -0.5403281461169703 0.000377341388458019
0.06382918822561183 -0.5442169785880261 0.0003805611128808728
0.0632830757017077 -0.5481058110590817 0.0003838362557724295
0.06273696317780357 -0.5519946435301375 0.000387168260361781
0.06225152982322212 -0.5554513835044093 0.0003901789843849812
0.06170541729931799 -0.5593402159754649 0.0003936225126499604
0.06115930477541385 -0.5632290484465207 0.0003971273639002959
0.06065342601174897 -0.5669032105331353 -0.002315756126117341
0.0600769739031835 -0.571008089252583 0.0003812670425744624
0.05957109513951862 -0.5746822513391976 -0.002332109549980199
0.05905532220027582 -0.5783550375618614 0.0003644470930654897
0.05850920967637169 -0.582243870032917 0.0003678398542281691
0.05796309715246756 -0.5861327025039726 0.0003712963776927314
0.0574776637978861 -0.5895894424782444 0.0003744238371943265
0.05693155127398197 -0.5934782749493001 0.0003780058074602799
0.05638543875007783 -0.5973671074203558 0.0003816569743926301
0.05587955998641295 -0.6010412695069705 -0.002333035252687798
0.05536378704717015 -0.6047140557296342 0.0003637226614039424
0.05481767452326602 -0.60860288820069 0.0003673367129444216
0.05427156199936189 -0.6124917206717456 0.0003710233057538925
0.05376568323569701 -0.6161658827583604 -0.002344609272012521
0.05324991029645421 -0.6198386689810241 0.0003521700349919943
0.05270379777255009 -0.6237275014520798 0.0003558099464611164
0.05215768524864596 -0.6276163339231354 0.0003595258855348948
0.05161157272474182 -0.6315051663941912 0.0003633202593573692
0.05112613937016038 -0.6349619063684629 0.0003667609091368984
0.05058002684625625 -0.6388507388395186 0.0003707103727157435
0.05003391432235211 -0.6427395713105744 0.0003747458217939759
0.04952803555868723 -0.646413733397189 -0.002342749200405336
0.04901226261944444 -0.6500865196198528 0.0003543409452892998
0.0484661500955403 -0.6539753520909085 0.000358323441345787
0.04792003757163617 -0.6578641845619643 0.0003623964748173947
0.04737392504773203 -0.66175301703302 0.0003665631685954018
0.04688849169315058 -0.6652097570072917 0.0003703481634382833
0.04634237916924645 -0.6690985894783474 0.0003747008121961493
0.04579626664534231 -0.6729874219494032 0.0003791569898197178
0.04529038788167743 -0.6766615840360178 -0.002340541113412087
0.04477461494243463 -0.6803343702586816 0.0003569226951585236
0.0442285024185305 -0.6842232027297374 0.0003613184673834091
0.04368238989462637 -0.688112035200793 0.0003658238642150202
0.04313627737072223 -0.6920008676718488 0.0003704430382667212
0.04265084401614078 -0.6954576076461204 0.0003746480111797013
0.04210473149223665 -0.6993464401171762 0.000379494189808316
0.04155861896833251 -0.7032352725882319 0.0003844673848232283
0.04105274020466763 -0.7069094346748466 -0.002337877261820775
0.04051710386666952 -0.7107997239430267 -0.002369315745072598
0.04000133092742672 -0.7144725101656905 0.0003282626545599854
0.0394552184035226 -0.7183613426367461 0.0003327954770349084
0.03890910587961847 -0.7222501751078018 0.0003374552354733495
0.03838344250644649 -0.7259215588224724 0.003071481745685167
0.03786766956720371 -0.7295943450451362 0.000383207852467482
0.03732155704329958 -0.7334831775161919 0.0003887996659333037
0.03677544451939544 -0.7373720099872476 0.0003945570887631256
0.03626956575573057 -0.7410461720738623 -0.00233145888996833
0.03573392941773246 -0.7449364613420425 -0.002367007130130494
0.03521815647848967 -0.7486092475647063 0.0003311711246574145
0.03467204395458553 -0.752498080035762 0.000336374840905318
0.03412593143068139 -0.7563869125068178 0.000341744700522284
0.03364049807609994 -0.7598436524810894 0.0003466639125067061
0.03309438555219581 -0.7637324849521452 0.0003523700904310978
0.03254827302829167 -0.7676213174232009 0.0003582672624984351
0.03200216050438754 -0.7715101498942566 0.00036436518120464
0.03151672714980609 -0.7749668898685284 0.0003699624953479308
0.03065045163886162 -0.7807933291509476 0.00867507229006681
0.02992588400032259 -0.7857585618082786 0.006120413611806486
0.02921469237779581 -0.7907257280104801 0.003508385095529976
0.02851688193058497 -0.7956947917234957 0.0008347997212694303
0.02784941106803548 -0.8004478091881193 0.0008546857068010283
0.02718194020548597 -0.805200826652743 0.000875542230201809
0.02655703114448819 -0.8097394974656198 -0.001861221179638273
0.02596187965782361 -0.8140620410969313 -0.001904477978665886
0.02532474837993546 -0.8185990123131629 0.0008086653427556989
0.02471795668670865 -0.8229199372810025 0.0008283998466034337
0.02415256277437731 -0.8270263537307483 -0.001909273310938264
0.02357611066581184 -0.8311312324501959 0.0008031990266208489
0.0230299981419077 -0.8350200649212517 0.0008221338484886154
0.02248388561800356 -0.8389088973923075 0.0008419829729402473
0.02193777309409944 -0.8427977298633631 0.0008628142615325629
0.02143189433043455 -0.8464718919499777 -0.001874392606316944
0.02089625799243644 -0.850362181218158 -0.001923110109436577
0.02042013680310478 -0.853820216123207 -0.001968590833380413
0.01994401561377314 -0.8572782510282561 -0.002016274860556333
0.01948892184385303 -0.8605189447541358 0.0006928685029874426
0.01900348848927158 -0.8639756847284076 0.0007104778871145356
0.0185787343040128 -0.8670003322058953 0.000726637052924195
0.01811491368062577 -0.8702397884247224 0.003505469816339479
0.01765981991070566 -0.8734804821506021 0.0008328631635046158
0.01727297144437369 -0.8762901355109546 -0.001902791051356489
0.01687855684377626 -0.8790987367400503 0.0008089868539065126
0.01645380265851749 -0.8821233842175381 0.0008297474096794488
0.01606695419218552 -0.8849330375778905 -0.001909155917910299
0.01570986330018678 -0.8875265637566774 -0.001953167215263285
0.01531544869958935 -0.8903351649857731 0.0007592023115090551
0.01495137368365326 -0.8929277199664769 0.0007775869753974263
0.01458729866771718 -0.8955202749471807 0.0007968841331926768
0.0142232236517811 -0.8981128299278844 0.0008171634490170554
0.01391982780516769 -0.9002732924118043 0.0008348684067924772
0.01359249448750218 -0.9026506914090255 -0.001903916956357721
0.01325875905622743 -0.9050272001413373 0.0008092501238694538
0.01295536320961402 -0.9071876626252572 0.0008280898288834937
0.01265196736300062 -0.909348125109177 0.0008478276354182412
0.01234857151638721 -0.9115085875930968 0.0008685293311931908
0.01204517566977381 -0.9136690500770166 0.0008902672901893727
0.01177735750077475 -0.9156141947111067 -0.001844694931028457
0.01147978175744247 -0.9177754665267623 -0.001893169982955634
0.01120672549549039 -0.9197198827622903 0.0008196236930169132
0.01096400881819967 -0.9214482527494262 0.0008376599433448373
0.01069619064920062 -0.9233933973835163 -0.001902856910726447
0.01042313438724855 -0.9253378136190442 0.0008111430045882884
0.01018041770995783 -0.9270661836061801 0.0008303675308483083
0.009937701032667104 -0.928794553593316 0.0008505254418695873
0.00969498435537638 -0.9305229235804519 0.0008716864051006024
0.009486681335043776 -0.9320358138514109 -0.00186226419714064
0.00924862074037794 -0.9337648313039355 -0.001910864245684651
0.009036243647748562 -0.9352771550426794 0.0008008322089190223
0.008827940627415971 -0.9367900453136383 -0.001937862568541338
0.008615563534786579 -0.9383023690523822 0.0007740686340587111
0.008433526026818534 -0.9395986465427341 0.0007906828105594954
0.008190809349527811 -0.9413270165298699 0.0008139771442561283
0.008008771841559768 -0.9426232940202218 0.0008323689826421621
0.007826734333591724 -0.9439195715105737 0.0008516111626193368
0.007644696825623679 -0.9452158490009256 0.0008717640526982873
0.007462659317655634 -0.9465121264912775 0.0008928938742334136
0.007280621809687601 -0.9478084039816292 0.0009150734283509543
0.007098584301719555 -0.9491046814719811 0.0009383829339679739
0.006949796430053417 -0.9501853173798089 -0.001793088924620045
0.006771250984054046 -0.9514820804692024 -0.001841001468652959
0.006619553060747334 -0.9525623117111623 0.0008718209139035871
0.006470765189081184 -0.9536429476189903 -0.00186404073958002
0.006292219743081827 -0.9549397107083836 -0.001917670558480911
0.006173189445748909 -0.9558042194346459 -0.001955171705366965
0.006021491522442208 -0.9568844506766058 0.0007567356427218286
0.005900133183796841 -0.9577486356701738 0.0007722151486919682
0.005718095675828807 -0.9590449131605255 0.0007966594061288301
0.00559673733718344 -0.9599090981540935 0.0008138338635168552
0.005475378998538072 -0.9607732831476615 0.0008317651332587772
0.005326591126871933 -0.9618539190554893 -0.001914368481424233
0.005207560829539028 -0.9627184277817515 -0.001958747986867015
0.005088530532206098 -0.963582936508014 -0.002005233962335984
0.004997511778222087 -0.9642310752531899 0.0007006464500323162
0.00487615343957672 -0.9650952602467578 0.0007179950679327973
0.004754795100931365 -0.9659594452403257 0.0007362246325448574
0.004633436762285997 -0.9668236302338937 0.0007554039923711731
0.00451207842364063 -0.9676878152274617 0.000775609362082097
0.004390720084995275 -0.9685520002210296 0.0007969253347419603
0.004301447361995589 -0.9692003817657263 -0.001936397302933823
0.004210428608011567 -0.9698485205109023 0.0007732865918230747
0.004089070269366199 -0.9707127055044703 0.0007961066273383111
0.003967711930720843 -0.9715768904980382 0.000820314476605688
0.003878439207721145 -0.972225272042735 -0.001916809302876299
0.003787420453737135 -0.9728734107879109 0.0007951574957048013
0.003666062115091768 -0.9737375957814789 0.0008213257826044096
0.00360538294576909 -0.9741696882782628 0.0008350666218874814
0.0035447037764464 -0.9746017807750468 0.0008492750543811489
0.003423345437801044 -0.9754659657686147 0.0008791935339180768
0.003362666268478366 -0.9758980582653985 0.0008949574286762907
0.003273393545478681 -0.9765464398100953 -0.001848157954275065
0.003213878396812216 -0.9769786941732265 -0.00188285039848135
0.003122859642828193 -0.9776268329184025 0.0008340431417634964
0.003062180473505515 -0.9780589254151864 0.0008504701700553507
0.003001501304182838 -0.9784910179119702 0.0008675572812035792
0.002912228581183153 -0.9791393994566669 -0.001882587681092396
0.002852713432516688 -0.9795716538197982 -0.001922411725402196
0.002761694678532677 -0.980219792564974 0.0007962637341749623
0.002701015509209987 -0.980651885061758 0.0008140483487391048
0.002640336339887309 -0.9810839775585419 0.000832645553991318
0.002579657170564631 -0.9815160700553258 0.0008521123436631139
0.002518978001241941 -0.9819481625521098 0.000872511168995338
0.002458298831919264 -0.9823802550488937 0.0008939106080114723
0.002397619662596586 -0.9828123475456776 0.0009163861357404102
0.002367862088263353 -0.9830284747272432 -0.001799647394648884
0.002308346939596888 -0.9834607290903744 -0.001846669171305049
0.002248831790930448 -0.9838929834535054 -0.001896214070762792
0.002189316642263983 -0.9843252378166366 -0.001948490772349487
0.002158977057602637 -0.9845412840650286 0.0007553304197585042
0.00209829788827996 -0.9849733765618125 0.0007770524049575123
0.002037618718957282 -0.9854054690585964 0.0008000607563405371
0.001976939549634604 -0.9858375615553803 0.0008244732275755062
0.001916260380311915 -0.9862696540521643 0.0008504223968730518
0.001916260380311915 -0.9862696540521643 0.0008504223968730518
0.001855581210989237 -0.9867017465489482 0.0008780580756948542
0.001794902041666559 -0.987133839045732 0.0009075502028923488
0.001765144467333327 -0.9873499662272976 -0.001816363034099044
0.001705629318666874 -0.9877822205904288 -0.001880607583381488
0.001675289734005529 -0.9879982668388207 0.0008274349005872317
0.001645532159672297 -0.9882143940203864 -0.001900184077674005
0.001615192575010964 -0.9884304402687782 0.0008080393704310573
0.001554513405688275 -0.9888625327655622 0.0008393919874252198
0.001524755831355054 -0.9890786599471277 -0.001890697675693387
0.001494416246693709 -0.9892947061955197 0.0008189132472140592
0.001433737077371032 -0.9897267986923036 0.0008533609811816056
0.001433737077371032 -0.9897267986923036 0.0008533609811816056
0.001373057908048354 -0.9901588911890875 0.0008908340771123235
0.001343300333715121 -0.9903750183706531 -0.001843041394410383
0.001343300333715121 -0.9903750183706531 -0.001843041394410383
0.001343300333715121 -0.9903750183706531 -0.001843041394410383
0.001343300333715121 -0.9903750183706531 -0.001843041394410383
0.001343300333715121 -0.9903750183706531 -0.001843041394410383
0.001343300333715121 -0.9903750183706531 -0.001843041394410383
0.001343300333715121 -0.9903750183706531 -0.001843041394410383
0.001343300333715121 -0.9903750183706531 -0.001843041394410383
0.001343300333715121 -0.9903750183706531 -0.001843041394410383
0.001343300333715121 -0.9903750183706531 -0.001843041394410383
0.001343300333715121 -0.9903750183706531 -0.001843041394410383
0.001343300333715121 -0.9903750183706531 -0.001843041394410383
0.001343300333715121 -0.9903750183706531 -0.001843041394410383
0.001343300333715121 -0.9903750183706531 -0.001843041394410383
0.001343300333715121 -0.9903750183706531 -0.001843041394410383
0.001343300333715121 -0.9903750183706531 -0.001843041394410383
0.001343300333715121 -0.9903750183706531 -0.001843041394410383
0.001343300333715121 -0.9903750183706531 -0.001843041394410383
0.001343300333715121 -0.9903750183706531 -0.001843041394410383
0.001343300333715121 -0.9903750183706531 -0.001843041394410383
0.001343300333715121 -0.9903750183706531 -0.001843041394410383
0.001343300333715121 -0.9903750183706531 -0.001843041394410383
0.001343300333715121 -0.9903750183706531 -0.001843041394410383
0.001343300333715121 -0.9903750183706531 -0.001843041394410383
0.001343300333715121 -0.9903750183706531 -0.001843041394410383
0.001343300333715121 -0.9903750183706531 -0.001843041394410383
0.001343300333715121 -0.9903750183706531 -0.001843041394410383
0.001343300333715121 -0.9903750183706531 -0.001843041394410383
0.001343300333715121 -0.9903750183706531 -0.001843041394410383
0.001312960749053776 -0.9905910646190451 0.0008698963134268212
0.001312960749053776 -0.9905910646190451 0.0008698963134268212
0.001312960749053776 -0.9905910646190451 0.0008698963134268212
0.001312960749053776 -0.9905910646190451 0.0008698963134268212
0.001312960749053776 -0.9905910646190451 0.0008698963134268212
0.001312960749053776 -0.9905910646190451 0.0008698963134268212
0.001312960749053776 -0.9905910646190451 0.0008698963134268212
0.001312960749053776 -0.9905910646190451 0.0008698963134268212
0.001312960749053776 -0.9905910646190451 0.0008698963134268212
0.001312960749053776 -0.9905910646190451 0.0008698963134268212
0.001312960749053776 -0.9905910646190451 0.0008698963134268212
0.001312960749053776 -0.9905910646190451 0.0008698963134268212
0.001312960749053776 -0.9905910646190451 0.0008698963134268212
0.001312960749053776 -0.9905910646190451 0.0008698963134268212
0.001312960749053776 -0.9905910646190451 0.0008698963134268212
0.001312960749053776 -0.9905910646190451 0.0008698963134268212
0.001312960749053776 -0.9905910646190451 0.0008698963134268212
0.001312960749053776 -0.9905910646190451 0.0008698963134268212
0.001312960749053776 -0.9905910646190451 0.0008698963134268212
0.001312960749053776 -0.9905910646190451 0.0008698963134268212
0.001312960749053776 -0.9905910646190451 0.0008698963134268212