
0.0 0.0 0.0
0.0 0.0 0.0
0.001308996938995747 0.0 0.0
0.006544300993689045 8.46122669338e-05 -0.01624562567948983
0.01068872125317298 0.0001627598684525766 -0.01901838373433421
0.01287031159811907 0.00014513173737341 0.007933204037719637
0.01592436082493935 0.0001040002272339743 0.01336136353380878
0.01985122344584231 7.22695912915e-05 0.008006494731373784
0.02159639443259676 9.57733113712e-05 -0.01356493402181858
0.02312353537067692 8.75468004685e-05 0.005297199568079579
0.0268323465784243 9.75361713697e-05 -0.002793634794690251
0.0318498769682822 0.000151595315809944 -0.01093021980420816
0.0335942946780742 0.000207996128136674 -0.03253613858161449
0.03512131929148434 0.0002285618832063919 -0.01370392816611225
0.03904818191238729 0.0002602925191488919 -0.008351097491741195
0.04297515848529628 0.0002708695001031051 -0.002976442215051096
0.04471997497527291 0.0003131733317583037 -0.02456851810657689
0.04668347038376654 0.0003131733317583037 -0.0003285092734295281
0.05061046120075378 0.0003131733317583037 -0.0003298680969197197
0.05475560313882438 0.0003020087407510789 0.002373906011598963
0.05628256682144326 0.0003266873186067742 -0.01650662671696979
0.05780972437757453 0.0003225740482356913 0.002351043212422757
0.06173670095048352 0.0003119970672814783 0.002360883217993982
0.06610000825371573 0.0003002448662212413 0.002371913613477127
0.06784502731034055 0.0003331491194922999 -0.01921126207023811
0.06937219040583559 0.0003331491194922999 -0.0003579831827788863
0.07329918122282283 0.0003331491194922999 -0.0003595001735077769
0.07526209977404655 0.0003807409301043984 -0.02465241251226107
0.07722559518254017 0.0003807409301043984 -0.0004126045396476058
0.08093440639028754 0.000370751559203197 0.002290008818718534
0.08311542700275833 0.0004236313487721954 -0.02470271747942512
0.08507892241125195 0.0004236313487721954 -0.000463024985296278
0.0885695809152406 0.0004236313487721954 -0.0004647983097720714
0.0927147228533112 0.0004124667577649702 0.00223879298041086
0.09445974190993602 0.0004453710110360288 -0.01934569439363052
0.09598690500543106 0.0004453710110360288 -0.0004926598712667408
0.0999138958224183 0.0004453710110360288 -0.0004948092994895343
0.1042772189524041 0.0004453710110360288 -0.0004972196574173381
0.1060221430549367 0.0004829751898979655 -0.0220875287492941
0.1077674723069311 0.0004829751898979655 -0.0005413108441286584
0.1114762835146784 0.0004729858189967643 0.002161081653084445
0.1158395908179106 0.0004612336179365277 0.002171746560540366
0.1175846098745355 0.0004941378712075864 -0.01941384860556707
0.1191117729700305 0.0004941378712075864 -0.000560954050939704
0.1230387637870177 0.0004941378712075864 -0.0005634659760403853
0.1274020869170036 0.0004941378712075864 -0.0005662835207136595
0.1289289785915503 0.0005229290928197628 -0.01945419418681707
0.1324186115715036 0.0006075367561301602 -0.02494094879712202
0.1361265752893853 0.000687445636211775 -0.02234304579938002
0.1398350636362385 0.0007373910413810897 -0.01432431351873246
0.1437619262571415 0.0007691216773235899 -0.008978484582934078
0.1476889028300505 0.0007585446963693769 0.001803423865163521
0.1496516860772552 0.0007056661216172447 0.02610423820731114
0.1535766259242873 0.0005787642938821014 0.03163713582037297
0.1579389361806187 0.0004847538467272604 0.02097159937127321
0.1596842654326131 0.0004847538467272604 -0.0005768710176594101
0.1609930914462864 0.0004636007799938071 0.01560789713897679
0.164920025287064 0.0004424468948155551 0.004856992953540032
0.1692833484170498 0.0004424468948155551 -0.0005326086242955052
0.1708102400915965 0.0004712381164277316 -0.01942217686376644
0.1742998730715498 0.000555845779738129 -0.02491386512648028
0.1762633684800434 0.000555845779738129 -0.0006747856949702473
0.1801903023208209 0.0005346918945598769 0.004734604122059046
0.1845535621439071 0.0005111875776951524 0.004759938129884664
0.1860805867573173 0.0005317533327648705 -0.0141203709068089
0.1876077276953974 0.0005235268218622169 0.004742392621240524
0.191534661536175 0.0005023729366839648 0.00476542794259203
0.1956798034742456 0.00049120834567674 0.002082696980501668
0.1974248225308704 0.0005241125989477988 -0.01950690391935885
0.2009144555108237 0.0006087202622581954 -0.02500245499315712
0.2028779509193173 0.0006087202622581954 -0.0007636473544216645
0.2068048847600948 0.0005875663770799433 0.004646059869062233
0.211168144583181 0.0005640620602152188 0.004671758859585987
0.2129132459347454 0.0005922661491931565 -0.01691293476229538
0.2144404034908767 0.0005881528788220734 0.001944703866943436
0.2181492281513647 0.0005881528788220734 -0.0007522570662532015
0.2227307008197585 0.0005758130677088255 0.001952594073823807
0.2244757198763833 0.0006087173209798845 -0.01963877593515058
0.2260028829718783 0.0006087173209798845 -0.0007864592542879682
0.2299298737888656 0.0006087173209798845 -0.0007904698201846951
0.2342931969188514 0.0006087173209798845 -0.0007949742516289924
0.2358200885933981 0.0006375085425920614 -0.01968810399645109
0.2373472516888932 0.0006375085425920614 -0.0008359091283925888
0.2412742425058804 0.0006375085425920614 -0.0008402356006357985
0.2456375656358662 0.0006375085425920614 -0.0008450956221895296
0.2471644573104129 0.0006662997642042375 -0.01973891868819008
0.2508724210282947 0.0007462086442858532 -0.02254337794115858
0.2528359093147492 0.0007409201538087464 0.00170176651273029
0.2565445187333398 0.0007009633948746523 0.009830792487209238
0.2611258584577266 0.0006639443196084021 0.007181639065955375
0.2626529329242051 0.000680397102698911 -0.01169640078916399
0.2661427811292703 0.000755605460422784 -0.0225769098738477
0.2698509466245981 0.0008255269986237835 -0.01998449294224428
0.273341288598107 0.0008725344387831396 -0.01466779473195452
0.2772681512190099 0.0009042650747256387 -0.00933140382372733
0.2796674218599923 0.0008525593287904761 0.02036371179439467
0.2831568142994674 0.0007585529736755737 0.02587590841717743
0.2877374893231076 0.0006721793088390454 0.01791014153981762
0.2894828122444004 0.0006768801892631404 -0.003646067482268199
0.2907916904844663 0.0006592523992033821 0.01253748594576559
0.2949367873163982 0.0006369232981818937 0.004483462620318252
0.2993001104463839 0.0006369232981818937 -0.000908981337458136
0.3008270021209307 0.0006657145197940706 -0.019806010726258
0.3043166351008839 0.0007503221831044676 -0.02531922341695261
0.3078066732141335 0.0008161306896465842 -0.02003291504350569
0.3112970151876425 0.0008631381298059396 -0.01472032669906515
0.3154421120195743 0.0008854672308274289 -0.006680305690899981
0.3191509232273217 0.0008754778599262283 0.001407548188653547
0.3232960200592536 0.0008531487589047388 0.004126077893988835
0.3270047236456619 0.0008231809360701554 0.006857068578200562
0.3309317002185709 0.0008126039551159418 0.001478879289533216
0.3346404710681942 0.0007926252857809249 0.004195545575704768
0.3363851672879317 0.0007456221082234746 0.02581051725154676
0.3403107337823413 0.0006398649587192096 0.02596414467695712
0.3446734871612523 0.0005693547362743656 0.01529164547940114
0.3479458726786714 0.0005429125396556164 0.007247609388460205
0.3516546435282947 0.0005229338703206007 0.004580252006306285
0.3555816343452819 0.0005229338703206007 -0.0008114817693081346
0.3595086251622692 0.0005229338703206007 -0.0008164571369236348
0.3636537671003398 0.0005340984613278261 -0.003532729678485503
0.3669262594478291 0.0005340984613278261 -0.0008436589616641765
0.3688891779990529 0.0005816902719399251 -0.02516237654900296
0.3708526734075465 0.0005816902719399251 -0.0009245689866347947
0.3747796642245337 0.0005816902719399251 -0.0009303761743153165
0.3791429873545195 0.0005816902719399251 -0.0009369147644108155
0.3806698790290662 0.0006104814935521019 -0.01983957764068559
0.3821970421245613 0.0006104814935521019 -0.0009881488702357846
0.3859058533323086 0.0006204708644533036 -0.00370379293732065
0.3904873426187938 0.0006204708644533036 -0.00101797828578659
0.3935416688097838 0.0006204708644533036 -0.001023105159993684
0.3952865929123164 0.0006580750433152403 -0.02263551713928646
0.3992126721430148 0.0007426844457545983 -0.02278345935737661
0.4027028748461436 0.0007990926237104733 -0.01749830300344496
0.4066296377599454 0.0008413997802289247 -0.0121916374298359
0.410556571600723 0.000862553665407178 -0.006850153425254697
0.4142653828084704 0.0008525642945059773 0.001237863316779999
0.4184104796404022 0.0008302351934844902 0.003959291874503749
0.4203731133446761 0.0007720702381972735 0.02829549105703556
0.423862239930052 0.00066866587324222 0.02846690258055801
0.4286610423357702 0.0005781791767468097 0.01784189346099775
0.4319333447639385 0.0005429232129814332 0.009817899078566466
0.4338966621240372 0.0005693648980710711 -0.01447280778030656
0.437604625841919 0.0006492737781526874 -0.02270175343243316
0.4393499550939133 0.0006492737781526874 -0.001158072658332547
0.4432768889346909 0.0006281198929744344 0.004258574469312645
0.447640148757777 0.0006046155761097087 0.004292214621015569
0.4491671733711872 0.000625181331179426 -0.01460202092652784
0.4506943143092673 0.0006169548202767721 0.004263665256548908
0.4544031255170147 0.0006069654493755693 0.001580930094532921
0.4592027635505702 0.0005940380282093095 0.001594961068589715
0.4622570786628327 0.0005858114874671443 0.001604020279257182
0.4642201182781818 0.0006281161886868218 -0.02271961418291003
0.4679278533193821 0.0007180118309541192 -0.02559014652891883
0.4714178914326318 0.0007838203374962362 -0.0203367376687426
0.4749082334061407 0.0008308277776555903 -0.015049297909906
0.4773077477645418 0.0007920471553109264 0.01464513503176387
0.4812338269952401 0.0007074377528715694 0.02018358264977588
0.4858145020188803 0.0006210640880350412 0.01764600597856997
0.4875598249401732 0.0006257649684591367 -0.003914556095485986
0.4908318899743565 0.00067864763529277 -0.01749331098225116
0.4925771939035909 0.0006692459085468808 0.004067907679233996
0.4965041277443685 0.0006480920233686297 0.004099635007484898
0.5010854674687554 0.0006110729481023793 0.006855423763070114
0.5047942383183786 0.0005910942787673627 0.00419318555962747
0.5080667187958027 0.0005822801279721856 0.001509753184715749
0.5119936953687116 0.000571703147017973 0.001521902168274891
0.5157025200291996 0.000571703147017973 -0.001180478745193091
0.5176654385804234 0.000619294957630072 -0.02552463645461213
0.5211550715603767 0.0007039026209404679 -0.02571068419980911
0.5246451096736263 0.0007697111274825869 -0.02047309864922297
0.5287900260826394 0.0008143686815853971 -0.01250188573104093
0.5324988372903867 0.0008243580524865977 -0.004456735858966668
0.5364258138632957 0.0008137810715323851 0.0009379616464342915
0.540134584712919 0.0007938024021973683 0.00366065796458481
0.5440615185536966 0.0007726485170191174 0.003692187037147934
0.5479884523944741 0.0007514946318408663 0.003724263942456201
0.5516972636022215 0.0007415052609396636 0.001039382886986094
0.5556242401751305 0.0007309282799854511 0.001048567998247753
0.5595512167480394 0.0007203512990312385 0.001057916895997203
0.5632599875976627 0.0007003726296962217 0.003783182626798048
0.5669687988054101 0.000690383258795021 0.001099106961396912
0.570895775378319 0.0006798062778408084 0.001109165535541028
0.574604600038807 0.0006798062778408084 -0.001598056065510137
0.5785315908557942 0.0006798062778408084 -0.001612945771414748
0.5822404020635417 0.0006698169069396077 0.001090055792930094
0.5859492267240296 0.0006698169069396077 -0.001617715424935906
0.5898762175410168 0.0006698169069396077 -0.001633205242027203
0.5935850287487643 0.0006598275360384069 0.001069879196718831
0.5975120053216733 0.0006492505550841923 0.001080317767729573
0.6014389818945822 0.0006386735741299776 0.001090962039217662
0.6051478065550702 0.0006386735741299776 -0.00161749897238727
0.6090747973720574 0.0006386735741299776 -0.001633747329673669
0.6127836085798047 0.000628684203228777 0.001069811618067065
0.6167105851527137 0.0006181072222745644 0.001080772354193086
0.6184554016426904 0.0005758033906193649 0.02273154736223363
0.6221628811096327 0.0004759216383097833 0.02567449934552776
0.6269619098264348 0.0003983603936204546 0.01509257516184645
0.630234295343854 0.0003719181970017044 0.007074407124617488
0.632197534364364 0.0004036477971018844 -0.01725791370179761
0.6356873825694292 0.0004788561548257588 -0.02286168397919506
0.6391772307744945 0.0005540645125496313 -0.02308283212621644
0.6428857191213477 0.0006040099177189449 -0.01515840818621881
0.6468125817422508 0.0006357405536614452 -0.009880235137070125
0.6509577387157373 0.0006357405536614452 -0.001821383600691077
0.652920657266961 0.0005881487430493463 0.02254611999570814
0.6568459246755088 0.000471818832474912 0.02825255611695727
0.6614263504446569 0.0003731078629623265 0.02044527604473598
0.6646985460448215 0.0003290383878129324 0.01248572592386252
0.6681891918874072 0.0003196366269647435 0.00173009976585098
0.6701522315027564 0.000361941328184423 -0.02264457237109727
0.6738599665439567 0.0004518369704517184 -0.02562609104334449
0.6775679302618385 0.0005317458505333347 -0.02319644493931056
0.6812764186086917 0.0005816912557026488 -0.01529210967939806
0.684985189458315 0.0006016699250376635 -0.007296789808206868
0.6891303313963856 0.0005905053340304392 0.0007938846079162383
0.6930571940172885 0.0005587746980879393 0.006259777856672043
0.6969840566381915 0.0005270440621454389 0.006340901946018622
0.7006928274878148 0.0005070653928104242 0.003692689856589224
0.7046197613285924 0.0004859115076321712 0.003741782871920205
0.7083285725363397 0.0004759221367309705 0.001061704381302572
0.7122555491092487 0.000465345155776758 0.00107619396435976
0.7159643737697367 0.000465345155776758 -0.001638332295153887
0.719673184977484 0.0004553557848755574 0.001069036072387345
0.723600161550393 0.0004447788039213449 0.00108422453497093
0.7275271381233019 0.0004342018229671323 0.001099850801465607
0.7314541146962109 0.0004236248420129177 0.001115934078065397
0.7349447605387966 0.0004142230811647288 0.00113063040786503
0.7390899175122831 0.0004142230811647288 -0.001587607229276774
0.7427987287200305 0.0004042337102635261 0.001121747677731966
0.7465075533805184 0.0004042337102635261 -0.001594656460215396
0.7504345441975057 0.0004042337102635261 -0.001619748836831675
0.7539252027014943 0.0004042337102635261 -0.001642725509018826
0.7580703446395649 0.0003930691192563018 0.001068685934647649
0.7615609904821506 0.000383667358408111 0.001084331076415136
0.7654879670550596 0.0003730903774538986 0.001102488575214194
0.7694149436279686 0.000362513396499686 0.001121264537332367
0.7731237682884565 0.000362513396499686 -0.001597845156598216
0.7774870281115427 0.0003860177133644114 -0.007121626869459052
0.7829410039739079 0.0004300880410623285 -0.01006165927029166
0.7877406420074633 0.0004430154622285882 -0.004780548503290414
0.7927584636069469 0.0004430154622285882 -0.002137673726659607
0.797776267005664 0.0004295004310093166 0.0005695251700151152
0.8023576898199044 0.0004048208983013573 0.003338571358797862
0.8071572756252992 0.0003789661497501618 0.003421664623302209
0.811956861430694 0.0003531114011989606 0.003508999637908575
0.8163201212537802 0.0003296070843342374 0.003592355764520267
0.8206833810768663 0.0003061027674695093 0.003679768479310741
0.8250466408999525 0.0002825984506047861 0.003771541291463558
0.8291917828380231 0.0002714338595975596 0.001104295913778817
0.8331187594109321 0.0002608568786433449 0.00113028178084536
0.8372639163844187 0.0002608568786433449 -0.001602942933308028
0.8411909072014059 0.0002608568786433449 -0.001642580027648853
0.8448997184091532 0.0002508675077421422 0.001075957156949554
0.8486084892587764 0.0002308888384071279 0.003861708993094996
0.8523173004665239 0.0002208994675059249 0.001197639669372109
0.8558079463091096 0.0002114977066577343 0.00122663256803543
0.8592985921516954 0.0002020959458095436 0.001257064032655895
0.8627892379942812 0.0001926941849613565 0.001289043854860545
0.8658435531065437 0.0001844676442191895 0.001318391349422487
0.8693341989491294 0.0001750658833709988 0.001353611341767299
0.8723885140613921 0.0001668393426288317 0.00138600941117246
0.8754428291736546 0.0001586128018866681 0.001419996374992935
0.8784971442859171 0.0001503862611445012 0.001455692057330124
0.8811151286678565 0.000143334940508358 0.001487748186394114
0.884169443780119 0.0001351083997661945 0.001526978451991464
0.8867874281620584 0.0001280570791300542 0.00156228916054804
0.8894054125439976 0.0001210057584939113 0.001599271615486591
0.8922415725784885 0.0001210057584939113 -0.001122934980839225
0.89485956645648 0.0001210057584939113 -0.001150896006314182
0.8972593854732577 0.0001145420479107802 0.001578543509829187
0.8998773698551971 0.000107490727274637 0.001619819025086617
0.9024953542371364 0.0001004394066384939 0.001663311026467035
0.9046770078887525 9.45633061084e-05 0.001701379263717668
0.9068586615403686 8.86872055783e-05 0.001741230852023887
0.9090403151919848 8.28111050481e-05 0.001782994111658872
0.9112219688436008 7.6935004518e-05 0.001826809976382519
0.9134036224952169 7.10589039879e-05 0.001872833582331378
0.915585276146833 6.51828034578e-05 0.001921236103272557
0.9175487715553267 6.51828034578e-05 -0.0007905617794649765
0.9195122598417812 5.98943129807e-05 0.001949267414186041
0.9214757552502748 5.98943129807e-05 -0.0007627491554531308
0.923221084502269 5.98943129807e-05 -0.0007800878723422962
0.9251845727887236 5.46058225036e-05 0.001963535637742325
0.9269298957100164 4.99049420795e-05 0.002010435983909371
0.9286752186313092 4.52040616554e-05 0.002059631643506296
0.930420541552602 4.05031812313e-05 0.002111295342633916
0.931947704648097 4.05031812313e-05 -0.0005951772271498367
0.9336930339000914 4.05031812313e-05 -0.0006108434539534292
0.9354383631520858 4.05031812313e-05 -0.0006273567074050626
0.9367473600910816 4.05031812313e-05 -0.0006403396878565869
0.9384926893430758 4.05031812313e-05 -0.0006585099388049978
0.9398016862820716 4.05031812313e-05 -0.0006728290647667994
0.9413288438382029 3.63899108602e-05 0.002073174311342641
0.9426378360291726 3.28642505421e-05 0.00212048383126524
0.9441649991246677 3.28642505421e-05 -0.0005885957953200949
0.9454739960636634 3.28642505421e-05 -0.0006027261157974533
0.9467829930026592 3.28642505421e-05 -0.0006175515726760561
0.948091989941655 3.28642505421e-05 -0.0006331247550043821
0.9491828167674631 2.99262002771e-05 0.002104510173626258
0.9504918089584328 2.6400539959e-05 0.002160153389297564
0.9518008011494024 2.28748796409e-05 0.002218818921626464
0.9528916319318989 2.28748796409e-05 -0.0004855799252054422
0.9539824587577069 1.99368293759e-05 0.002260165241915178
0.9557277310336638 5.83432451254e-06 0.007948445197891877
0.9566003671716422 -1.21692791913e-06 0.008108268069513503
0.9576911821274138 -7.09300713531e-06 0.005554467113187697
0.9587820089532219 -1.00310574004e-05 0.002936775329629352
0.9596546704138683 -7.68061718832e-06 -0.00250303743835411
0.9605273318745148 -5.33017697627e-06 -0.002558374714350801
0.9616181626570112 -5.33017697627e-06 0.0001388723758682411
0.9624908272830083 -5.33017697627e-06 0.0001421032924562938
0.9633634919090054 -5.33017697627e-06 0.0001454881269095877
0.9642361565350027 -5.33017697627e-06 0.0001490381463621437
0.9651088211609998 -5.33017697627e-06 0.0001527657451588408
0.9659814857869969 -5.33017697627e-06 0.0001566845894350743
0.9666359818824819 -3.56734681724e-06 -0.002586487361722862
0.9675086433431282 -1.21690660519e-06 -0.002655956098702935
0.9681631418126262 -1.21690660519e-06 3.82232002114e-05
0.9690358064386233 -1.21690660519e-06 3.93004455986e-05
0.9696903025341082 -2.97973676423e-06 0.002791719022659314
0.970344801003606 -2.97973676423e-06 0.0001004794051309602
0.9712174656296031 -2.97973676423e-06 0.0001035258645133525
0.9716537979426018 -2.97973676423e-06 0.0001051194353027156
0.9725264625685989 -2.97973676423e-06 0.0001084584305891509
0.9729627948815975 -2.97973676423e-06 0.0001102087563826555
0.9738354595075946 -2.97973676423e-06 0.0001138845435565231
0.9742717918205933 -2.97973676423e-06 0.0001158159452895027
0.9751444564465904 -2.97973676423e-06 0.0001198821801481957
0.9755807887595891 -2.97973676423e-06 0.0001220242832620806
0.9760171210725875 -2.97973676423e-06 0.0001242443310459948
0.9766716171680725 -1.21690660519e-06 -0.002641245131937708
0.9773261156375703 -1.21690660519e-06 5.3669966053e-05
0.977762447950569 -1.21690660519e-06 5.47230469105e-05
0.9781987802635677 -1.21690660519e-06 5.58182807493e-05
0.9786351125765661 -1.21690660519e-06 5.69582502241e-05
0.9792896086720511 -2.97973676423e-06 0.0028372857490007
0.9799441071415489 -2.97973676423e-06 0.00014857163245394
0.9803804394545476 -2.97973676423e-06 0.0001518758146703768
0.9808167717675462 -2.97973676423e-06 0.0001553303075037309
0.9812531040805447 -2.97973676423e-06 0.0001589456063518458
0.9816894363935433 -2.97973676423e-06 0.0001627332070145507
0.982125768706542 -2.97973676423e-06 0.0001667057277989535
0.9825621010195404 -2.97973676423e-06 0.0001708770499567124
0.9829984333325391 -2.97973676423e-06 0.0001752624797466024
0.9834347656455376 -2.97973676423e-06 0.0001798789361096635
0.9838710979585362 -2.97973676423e-06 0.0001847451688072355
0.9840892633236978 -2.39212671121e-06 -0.002543062643310395
0.9845255940540211 -1.21690660519e-06 -0.002614769383499029
0.9847437602105203 -1.21690660519e-06 7.97645172993e-05
0.985180092523519 -1.21690660519e-06 8.21129689498e-05
0.9856164248365177 -1.21690660519e-06 8.46039033033e-05
0.9860527571495161 -1.21690660519e-06 8.72506928536e-05
0.9862709225146777 -1.8045166582e-06 0.002824846914217607
0.986489088671177 -1.8045166582e-06 0.000133559950439696
0.9869254209841757 -1.8045166582e-06 0.0001380171892770378
0.9873617532971741 -1.8045166582e-06 0.0001427821982250359
0.9873617532971741 -1.8045166582e-06 0.0001427821982250359
0.9877980856101728 -1.8045166582e-06 0.0001478879942438809
0.9882344179231715 -1.8045166582e-06 0.0001533724920934523
0.988452583288333 -1.21690660519e-06 -0.002588025890447306
0.9886707494448322 -1.21690660519e-06 0.0001074128067505665
0.9891070817578309 -1.21690660519e-06 0.0001117153891247991
0.9891070817578309 -1.21690660519e-06 0.0001117153891247991
0.9895434140708296 -1.21690660519e-06 0.0001163770477228583
0.9895434140708296 -1.21690660519e-06 0.0001163770477228583
0.989979746383828 -1.21690660519e-06 0.000121444690506073
0.9904160786968267 -1.21690660519e-06 0.0001269737678509825
0.9904160786968267 -1.21690660519e-06 0.0001269737678509825
0.9904160786968267 -1.21690660519e-06 0.0001269737678509825
0.9904160786968267 -1.21690660519e-06 0.0001269737678509825
0.9904160786968267 -1.21690660519e-06 0.0001269737678509825
0.9904160786968267 -1.21690660519e-06 0.0001269737678509825
0.9904160786968267 -1.21690660519e-06 0.0001269737678509825
0.9904160786968267 -1.21690660519e-06 0.0001269737678509825
0.9904160786968267 -1.21690660519e-06 0.0001269737678509825
0.9904160786968267 -1.21690660519e-06 0.0001269737678509825
0.9904160786968267 -1.21690660519e-06 0.0001269737678509825
0.9904160786968267 -1.21690660519e-06 0.0001269737678509825
0.9904160786968267 -1.21690660519e-06 0.0001269737678509825
0.9904160786968267 -1.21690660519e-06 0.0001269737678509825
0.9904160786968267 -1.21690660519e-06 0.0001269737678509825
0.9904160786968267 -1.21690660519e-06 0.0001269737678509825
0.9904160786968267 -1.21690660519e-06 0.0001269737678509825
0.9904160786968267 -1.21690660519e-06 0.0001269737678509825
0.9904160786968267 -1.21690660519e-06 0.0001269737678509825
0.9904160786968267 -1.21690660519e-06 0.0001269737678509825
0.9904160786968267 -1.21690660519e-06 0.0001269737678509825
0.9904160786968267 -1.21690660519e-06 0.0001269737678509825
0.9904160786968267 -1.21690660519e-06 0.0001269737678509825
0.9904160786968267 -1.21690660519e-06 0.0001269737678509825
0.9904160786968267 -1.21690660519e-06 0.0001269737678509825
0.9904160786968267 -1.21690660519e-06 0.0001269737678509825
0.9904160786968267 -1.21690660519e-06 0.0001269737678509825
0.9904160786968267 -1.21690660519e-06 0.0001269737678509825
0.9904160786968267 -1.21690660519e-06 0.0001269737678509825
0.9904160786968267 -1.21690660519e-06 0.0001269737678509825
0.9904160786968267 -1.21690660519e-06 0.0001269737678509825
0.9904160786968267 -1.21690660519e-06 0.0001269737678509825
0.9904160786968267 -1.21690660519e-06 0.0001269737678509825
0.9904160786968267 -1.21690660519e-06 0.0001269737678509825
0.9904160786968267 -1.21690660519e-06 0.0001269737678509825
0.9904160786968267 -1.21690660519e-06 0.0001269737678509825
0.9906342440619883 -6.292965521789992e-07 -0.002626218121255832
0.9906342440619883 -6.292965521789992e-07 -0.002626218121255832
0.9906342440619883 -6.292965521789992e-07 -0.002626218121255832
0.9906342440619883 -6.292965521789992e-07 -0.002626218121255832
0.9906342440619883 -6.292965521789992e-07 -0.002626218121255832
0.9906342440619883 -6.292965521789992e-07 -0.002626218121255832
0.9906342440619883 -6.292965521789992e-07 -0.002626218121255832
0.9906342440619883 -6.292965521789992e-07 -0.002626218121255832
0.9906342440619883 -6.292965521789992e-07 -0.002626218121255832
0.9906342440619883 -6.292965521789992e-07 -0.002626218121255832
0.9906342440619883 -6.292965521789992e-07 -0.002626218121255832
0.9906342440619883 -6.292965521789992e-07 -0.002626218121255832
0.9906342440619883 -6.292965521789992e-07 -0.002626218121255832
0.9906342440619883 -6.292965521789992e-07 -0.002626218121255832
0.9906342440619883 -6.292965521789992e-07 -0.002626218121255832