
0.0 0.0 3.141592653589793
0.0006544771034838256 5.28843932375e-06 3.133517710551726
0.008052520959418445 0.0005442397865178096 3.069410493663423
0.009141437263837279 0.0006088391519377432 3.082940971951963
0.01044722584673208 0.000700431526521178 3.072257200269858
0.01240200321111516 0.0008852548877909409 3.048197736931151
0.01327162770004491 0.0009580339900143318 3.059042449637404
0.0167410239933412 0.001342723672135267 3.032483485123705
0.01976189825491537 0.001793530922217481 2.995213912309293
0.02040998787590343 0.001884898803568701 3.003382563359456
0.02385208891520155 0.002465103273330149 2.977008945079223
0.02726599830532552 0.003193058950203183 2.934615022932733
0.03066343096534507 0.003994400395593914 2.913834993346375
0.03130164284705073 0.004139499811942742 2.922053516273865
0.03510607936529096 0.005112906024878666 2.896045044405994
0.03782743323694528 0.00591167811156851 2.861787407282867
0.03845690690397314 0.006090929747805279 2.870036790278615
0.04199825610462644 0.007192849073924845 2.846833635653668
0.04467518819014504 0.00812977935455611 2.812698441095014
0.04529466862676584 0.008340995441110031 2.820976108560965
0.0489760737743531 0.009707931070911311 2.795317030070797
0.05159867653317711 0.01078763404425696 2.761306257938968
0.05220588606292963 0.01103189790477009 2.769612686278251
0.0556121794281396 0.01249905361306084 2.746727863540242
0.05897351609869339 0.0140664706441773 2.718542677888697
0.06150041445815527 0.01535433260191641 2.684709755292021
0.0620859272214425 0.01564681003797398 2.693057332327182
0.06536268620942359 0.017384115680896 2.670401671484711
0.06800533886412603 0.01891555142148786 2.63408708277784
0.06857425470719536 0.0192391298665051 2.6424606010105
0.07175272037465441 0.02115034318872417 2.619949165036147
0.07524028724062846 0.02339070112668943 2.592340372270046
0.07739608571904201 0.02487610506692616 2.56135395903982
0.07793801831269062 0.02524308914085354 2.569762851379426
0.08077456682476251 0.02727746603074664 2.544648551121994
0.08390289057381628 0.02965124938181478 2.519830183630718
0.08610083440812906 0.03144369091292513 2.486409583699608
0.08661137792999339 0.03185321937207958 2.494852786910366
0.08927446808021591 0.03410990890395058 2.469916924546019
0.09137271482438089 0.03601809242286165 2.436589079614518
0.09202461717878592 0.0365982362582921 2.447873705591209
0.09472094706059291 0.03914483900130449 2.420487224668777
0.09764885613815263 0.04207906373168684 2.393433996402633
0.09929289477207209 0.04382729428370873 2.36533714329368
0.1017525304979156 0.04660318557451924 2.338136061528975
0.1039962825339265 0.04927718512432576 2.313533702313369
0.1064385733608357 0.05235232290879935 2.289274739108165
0.1085350968913232 0.05514325212280326 2.264763125672198
0.1105556979514422 0.05798963019806216 2.240295135843438
0.1127418123994183 0.06125186263874629 2.216182046920133
0.114606227415017 0.06420290541056078 2.191795404987592
0.1165105875785074 0.06738548184011509 2.170297399056201
0.1183198339922512 0.07062307473864306 2.143456676839227
0.1187537213783769 0.07138023078968392 2.154879989745093
0.120407078053022 0.07445449631137765 2.130584432626898
0.1223485123039123 0.0783621070629929 2.101614646894854
0.1233521668331795 0.08054198106823354 2.07385591497238
0.1247261081735926 0.08375087215154757 2.049672586261555
0.1260842815746976 0.08720206692651672 2.023002983055418
0.1264125817584827 0.08801062276181411 2.034467684096033
0.1276382058531601 0.09127903864263688 2.010329439014153
0.1291190541645597 0.09561460462192989 1.984410115663101
0.1298271216614726 0.09790759688372624 1.956744650014544
0.1306996185569162 0.1010616348244964 1.929818803825011
0.1316443060271733 0.1048733040730332 1.906151285145885
0.131806881935936 0.1055072893413676 1.914773670748658
0.1326407966146185 0.1091211469300008 1.893627200969809
0.1334527613829604 0.1131860011155548 1.867483410332218
0.1338823511371582 0.1157685085382525 1.837379635906438
0.133994961825174 0.1164132465311765 1.846012487321467
0.1345027298798534 0.1198667763767281 1.822044360059986
0.134983953232412 0.1239839052816564 1.795958644680637
0.135203695860168 0.1265926607555842 1.765887231035127
0.1352638995011639 0.1272443844456445 1.774528603921652
0.135491261317899 0.1307276305460169 1.750600875941533
0.135641418014891 0.1346517495354272 1.727060639151135
0.1356505847268414 0.1374878947560806 1.694507402654965
0.1356579884645513 0.1381423513484096 1.703154769046668
0.1355966443959813 0.1420688630040594 1.679632969300232
0.1354288800251199 0.1457738914085542 1.653235174166051
0.13522600534221 0.1483840128249322 1.623198085044333
0.1348618802029263 0.1518556276760368 1.599311679847884
0.134385705697987 0.155533757391407 1.578310124140123
0.1343069223173559 0.1561834968972949 1.586961892610385
0.1337294053100596 0.160067789752241 1.563457373094614
0.1329986139905598 0.1641480189593062 1.537448173940987
0.1324540265703675 0.166708744732787 1.507409473005002
0.132323056915562 0.1673500053631825 1.516060629471704
0.1315327004488495 0.1707500102818546 1.492166732807827
0.1304749603224003 0.1747579414389159 1.466141720815727
0.1297941161653297 0.1770591637938016 1.438593842456862
0.1286370113852184 0.1805828676533912 1.4121687859004
0.127459052428493 0.1838687631915572 1.388237912279985
0.1271734298705662 0.1846933620660835 1.399764322034379
0.1259425254694942 0.1879597930154363 1.375828403320344
0.1241778712845438 0.1921877996012537 1.344725454511265
0.1232836437132924 0.1941777755395457 1.319644267639252
0.1216639100277352 0.1975142172294475 1.29314568323818
0.1200554400285407 0.200612203842259 1.269138080856113
0.118267159660268 0.2038614243159564 1.247988465779402
0.1179562241602415 0.2044373473675859 1.256616298534264
0.1159982272804568 0.2078413898314009 1.23294222600884
0.1140545831746161 0.2110001281795511 1.206367313914917
0.1126112623377442 0.2131843252647639 1.176177868887649
0.1103588329393534 0.2164011278204031 1.15241125220048
0.1082803941609204 0.2192055509403646 1.128265588245611
0.1059847539744368 0.2221185247638729 1.101566136284231
0.1036191826634892 0.2249750003431604 1.080225475616479
0.1011700316554068 0.2277601466053614 1.053459948657632
0.09865409294702907 0.2304851113350286 1.032050342564597
0.09621794070572576 0.2329850831446019 1.007745760599044
0.0937153457254548 0.2354185405936219 0.9834043146002189
0.09065921543138272 0.2382189680539392 0.9568052140894059
0.08819360222632665 0.2403707017008922 0.9349229712606064
0.0853409532464824 0.2427408861156661 0.9133165310429687
0.08241934381465096 0.2450255258443929 0.8862725760676184
0.08190704019455368 0.2454328503433005 0.8948128566413569
0.07894889304579966 0.2476699792641636 0.8731341485718973
0.07538548640973479 0.2501880582706124 0.8437581469889608
0.07338544646141146 0.2515143362572928 0.8157134561806547
0.07023511346508952 0.2534715747135185 0.7884720618111274
0.06968198133687654 0.25382145054194 0.7969779223810676
0.06650043121331972 0.2557275248252614 0.7750980027540422
0.06288303482559243 0.2577515726776853 0.748041372826882
0.06018607039783886 0.2591852014149809 0.728353023979138
0.05743697703677798 0.2605161387437605 0.6924318992437613
0.05425533187218218 0.2619520464142157 0.6674818691653535
0.05083112281484318 0.2633768877014759 0.6398929859974869
0.04737338401431134 0.2647183133421807 0.6176348973150301
0.04408622129311869 0.2658927315112626 0.5925052213447106
0.04056439196806552 0.2670555292440773 0.570122494767201
0.03700966248818269 0.2681134889253012 0.5422767118578964
0.03343033420097284 0.2690849771520045 0.5197557936234336
0.03003815250388398 0.2699082633266751 0.4943726554504995
0.02619838897594644 0.2707313507620199 0.4691058482138155
0.02276680028589852 0.2713708004111743 0.4435833283912851
0.01888828970088346 0.2719859528464521 0.4181562513375718
0.0154272493309231 0.2724397108755524 0.3924882117558246
0.01173928858842683 0.2728325542591671 0.3695216295635362
0.00804130908733103 0.2731159761562023 0.3410780537136571
0.007171965213700436 0.2731920338898507 0.3521398878094821
0.003687657772230823 0.2734025058470988 0.3262779114132481
-0.0006739536469767913 0.2735247129029797 0.295177207550231
-0.003728216024679896 0.2735444564871321 0.2744288203065723
-0.007218143231131441 0.2734730080082281 0.248325141659782
-0.01004993882605928 0.2733157265732459 0.2138954489232461
-0.01092173135277832 0.2732767222167763 0.224858549899956
-0.0146203129657695 0.2730012691095383 0.1959347029076595
-0.01917443692447636 0.2725012700586293 0.161641495803746
-0.02220263293149294 0.2721026004911214 0.1405144332517914
-0.02478583121828035 0.2716771847458329 0.108472770327726
-0.02821357062722153 0.2710174125610145 0.08182048559778643
-0.03204838956881161 0.2701715871878291 0.05510076139217901
-0.03543563335955428 0.2693282152096703 0.02826483189848972
-0.03901704662837491 0.2683644417092258 0.009445948294091622
-0.04237269018233572 0.2674030088565367 -0.006738080912711553
-0.04572310601028949 0.2664235137972001 -0.01216761670270916
-0.04719673136992172 0.2660226953598862 0.006696570620853493
-0.05077290102848728 0.2650396435121188 0.00401822618754899
-0.05518723558804754 0.2638133913037826 0.001331004333903429
-0.05854545649942882 0.2628610000491871 -0.004070298201819256
-0.0614838997968874 0.262027657701416 -0.004083056701327692
-0.06315236055068471 0.2615153951604223 -0.02567631698280692
-0.06669489486378595 0.260417291794275 -0.02847830115487682
-0.07024037396560513 0.2593287338946634 -0.02588395548884392
-0.07358276596238804 0.2583221989815532 -0.02057152502828785
-0.07714258277958895 0.2572814854810079 -0.01253965234758958
-0.08112431998025643 0.2561290553531196 -0.009889028785040388
-0.08490231850556032 0.2550576151916996 -0.004520821145955978
-0.08847314078149048 0.2540553135225576 -0.001834574193768646
-0.09204664971065829 0.2530626331634283 0.0008622145247070279
-0.0958303650474243 0.2520115598419971 0.0008658217991772688
-0.09961408038419017 0.250960486520566 0.0008694593841926945
-0.1031902500427558 0.2499774346727987 0.003577062130935005
-0.1071841717871198 0.2488679683890659 0.0008876047465289361
-0.1107603414456854 0.2478849165412986 0.003595401148881905
-0.1143338503748532 0.2468922361821692 0.0009056302719532283
-0.1179100200334188 0.2459091843344019 0.00361361621889067
-0.1214835289625866 0.2449165039752725 0.0009239490080172885
-0.1252672442993525 0.2438654306538414 0.0009279445790593144
-0.1290509596361185 0.2428143573324103 0.0009319748574725395
-0.1326217819120487 0.2418120556632683 -0.001768689539695778
-0.1361952908412165 0.2408193753041389 0.0009285443219120282
-0.1399790061779824 0.2397683019827078 0.0009326284491226744
-0.1437627215147484 0.2387172286612767 0.0009367486624540788
-0.1473335437906785 0.2377149269921347 -0.001764020900917984
-0.151114414435781 0.2366536664012785 -0.001771881604570424
-0.1546879233649488 0.2356609860421491 0.0009254224375396802
-0.1584716387017148 0.234609912720718 0.0009295822841064449
-0.1622553540384807 0.2335588393992869 0.0009337796972008761
-0.1656186565600504 0.2326245520024592 0.0009375426814397514
-0.1694023718968164 0.2315734786810281 0.0009418124557853957
-0.1731860872335823 0.230522405359597 0.0009461212990178325
-0.1769698025703483 0.2294713320381659 0.0009504697498297077
-0.180333105091918 0.2285370446413382 0.0009543687335504814
-0.184116820428684 0.2274859713199071 0.0009587935038108952
-0.1879005357654499 0.226434897998476 0.000963259494579205
-0.19147135804138 0.225432596329334 -0.001737794668413173
-0.1952522286864825 0.2243713357384778 -0.001745963170092679
-0.1988257376156504 0.2233786553793484 0.0009516709809194168
-0.2023965598915804 0.2223763537102065 -0.00174953982908832
-0.2061774305366829 0.2213150931193503 -0.00175787674758876
-0.2097509394658507 0.2203224127602209 0.0009397619665847401
-0.2154630594004298 0.2188838322704447 0.02536253271393107
-0.2192711393568158 0.2179247786105939 0.02548539363146229
-0.2232824682862523 0.2168799979854341 0.01749462610914421
-0.2266556410972063 0.2159819991107635 0.01216044309922815
-0.2300239276335085 0.2150658426826174 0.006803200128278064
-0.2340208231342583 0.2139671376762893 0.004131211167077709
-0.2380147448786223 0.2128576713925565 0.001445334984399693
-0.2413780474001921 0.2119233839957288 0.001451740192683459
-0.2449488696761222 0.2109210823265868 -0.00124754335543642
-0.2487297403212247 0.2098598217357306 -0.001253823991574698
-0.2522978500395672 0.2088479060277229 -0.003966090914686582
-0.2558686723154974 0.2078456043585809 -0.001278790908106231
-0.2596495429605999 0.2067843437677247 -0.001285323870973798
-0.2634304136057024 0.2057230831768685 -0.001291923926495464
-0.2667911875124601 0.2047797404294407 -0.001297847806574381
-0.2705720581575626 0.2037184798385845 -0.001304577444559918
-0.2722418925905217 0.2032107129980257 -0.02290463234332307
-0.2759990200646797 0.2020682376067683 -0.02302428368093423
-0.2795503115612616 0.2009987942615886 -0.02043167943391921
-0.2831044706217224 0.1999389198656395 -0.0178266601317727
-0.2868736884281704 0.1988369879238858 -0.01250582557736912
-0.2906545590732728 0.1977757273330296 -0.00174142542211797
-0.2942280680024407 0.1967830469739002 0.0009568027782753674
-0.2980117833392067 0.1957319736524691 0.0009619585624047744
-0.3015879529977722 0.1947489218047018 0.003674065884146316
-0.3053744855774299 0.193708043377654 0.003694073379756802
-0.3091610181570875 0.1926671649506063 0.003714299973148982
-0.3127345270862553 0.191674484591477 0.001026197344694779
-0.3165182424230212 0.1906234112700458 0.001031876681193644
-0.319881544944591 0.1896891238732182 0.001036978014964163
-0.3236652602813569 0.1886380505517871 0.001042777643444737
-0.3274489756181229 0.1875869772303559 0.001048642509284825
-0.3312326909548888 0.1865359039089248 0.001054573719448726
-0.3345959934764585 0.1856016165120972 0.001059902517397404
-0.3383797088132245 0.184550543190666 0.001065962154497058
-0.3421634241499905 0.1834994698692349 0.001072091477863246
-0.3457342464259205 0.182497168200093 -0.00163017065086013
-0.3493077553550884 0.1815044878409636 0.001069076105219224
-0.3530914706918544 0.1804534145195325 0.001075327171703222
-0.3568751860286203 0.1794023411981013 0.001081651770171277
-0.3604460083045504 0.1784000395289594 -0.001620760574763125
-0.3640195172337183 0.17740735916983 0.001078674057190199
-0.3697316371682973 0.1759687786800538 0.0255472518928066
-0.3733257044674789 0.1750533221757909 0.02298409940948432
-0.3771259108216819 0.1740635300045869 0.01770412581573488
-0.3807124637762196 0.1731190628179992 0.01509729104706992
-0.3845045484137944 0.1720985967587051 0.009770137773612575
-0.3878703551512678 0.1711733714902182 0.004407391348291156
-0.3916568877309254 0.1701324930631705 0.004434790636173247
-0.3952303966600933 0.1691398127040412 0.001751665875957542
-0.3990141119968593 0.16808873938261 0.001762688673916379
-0.4025849342727894 0.1670864377134681 -0.0009362851546015349
-0.4063658049178919 0.1660251771226119 -0.0009422499512004023
-0.4099339146362345 0.1650132614146041 -0.003657666609271359
-0.4137119131615384 0.1639418212531842 -0.003681260746031256
-0.4172827354374685 0.1629395195840422 -0.0009939065275981207
-0.421063606082571 0.161878258993186 -0.001000399269752705
-0.4244243799893287 0.1609349162457583 -0.001006242225902731
-0.4282052506344312 0.1598736556549021 -0.001012897674843138
-0.4319861212795337 0.1588123950640458 -0.001019641750374944
-0.4357669919246362 0.1577511344731896 -0.001026476234645912
-0.439127765831394 0.1568077917257619 -0.001032628708959926
-0.4429086364764965 0.1557465311349057 -0.001039638999106529
-0.446689507121599 0.1546852705440495 -0.001046745122459392
-0.4504703777667015 0.1536240099531933 -0.001053949057651771
-0.4538311516734592 0.1526806672057656 -0.001060436311874469
-0.4576120223185617 0.1516194066149094 -0.001067830596750419
-0.4611855312477295 0.15062672625578 0.001636354936784379
-0.4647563535236597 0.149624424586638 -0.001064108532177421
-0.4685372241687622 0.1485631639957818 -0.00107168096071053
-0.4723180948138646 0.1475019034049256 -0.001079361935749645
-0.4760989654589671 0.1464406428140694 -0.001087153808073005
-0.479672474388135 0.14544796245494 0.001617282008931298
-0.483243296664065 0.1444456607857981 -0.00108356569596868
-0.4870241673091675 0.1433844001949419 -0.001091554520112226
-0.4905976762383354 0.1423917198358124 0.001613086938521135
-0.4941684985142655 0.1413894181666705 -0.001087951056550018
-0.4981624202586296 0.1402799518829377 0.001618229708332031
-0.5021533392729044 0.1391597323703672 -0.00108380127553076
-0.5059342099180069 0.138098471779511 -0.001092097671254066
-0.5095077188471747 0.1371057914203816 0.001612972866414708
-0.51265844438476 0.1362214075946681 -0.001087423759778439
-0.5164393150298625 0.1351601470038119 -0.001095928731679408
-0.5200128239590303 0.1341674666446825 0.001609368528091792
-0.5235836462349605 0.1331651649755406 -0.001092168367606838
-0.5273645168800629 0.1321039043846844 -0.001100907914636018
-0.5311453875251654 0.1310426437938282 -0.001109788457823058
-0.5347188964543332 0.1300499634346988 0.001595778188600683
-0.5385026117910993 0.1289988901132677 0.001608855752384564
-0.5420734340670293 0.1279965884441257 -0.00109301331293743
-0.5458543047121318 0.1269353278532695 -0.001102115715719165
-0.5494278136412997 0.1259426474941401 0.001603908602746174
-0.5532115289780656 0.124891574172709 0.001617485488980996
-0.5567823512539958 0.123889272503567 -0.001084594758566482
-0.5605632218990982 0.1228280119127108 -0.001093929362734336
-0.5643440925442006 0.1217667513218546 -0.00110342603893443
-0.5677048664509584 0.1208234085744268 -0.001112007028181594
-0.5714857370960609 0.1197621479835706 -0.001121821579237903
-0.5752666077411632 0.1187008873927144 -0.001131810918950649
-0.5788401166703312 0.117708207033585 0.001574842643615071
-0.5826238320070972 0.1166571337121539 0.001589113022033573
-0.5861946542830272 0.1156548320430119 -0.00111382851783226
-0.5899755249281297 0.1145935714521557 -0.00112410245763428
-0.5937563955732321 0.1135323108612995 -0.001134567695258326
-0.5973299045023999 0.1125396305021701 0.001572669569024576
-0.6011136198391659 0.111488557180739 0.001587580832124402
-0.6046844421150961 0.110486255511597 -0.001115820399852474
-0.6084653127601986 0.1094249949207408 -0.001126598763228515
-0.612246183405301 0.1083637343298846 -0.001137587386600636
-0.6158196923344689 0.1073710539707552 0.001570287320407537
-0.6196034076712349 0.1063199806493241 0.001585899691598947
-0.623174229947165 0.1053176789801821 -0.001118007756600647
-0.6269551005922674 0.1042564183893259 -0.001129342529170962
-0.6305286095214353 0.1032637380301965 0.001579187725598175
-0.6343123248582013 0.1022126647087654 0.001595520073733425
-0.6378831471341314 0.1012103630396234 -0.001108718875793002
-0.6416640177792339 0.1001491024487672 -0.001120420847406933
-0.6452375267084017 0.09915642208963782 0.001588826125782816
-0.6490212420451678 0.0981053487682067 0.001605946744843045
-0.6528049573819337 0.0970542754467756 0.001623440354056704
-0.6563757796578638 0.09605197377763364 -0.001081091092950182
-0.6601566503029662 0.09499071318677743 -0.001093122272914471
-0.6643576176864134 0.09381153475249275 -0.001106808249983438
-0.6681384883315159 0.09275027416163653 -0.001119421976145674
-0.6719193589766184 0.09168901357078031 -0.001132326520833615
-0.6757002296217208 0.09062775297992412 -0.001145532058883347
-0.6794811002668233 0.08956649238906791 -0.001159049245377908
-0.6826341963807949 0.08869059795454198 0.001549597698572214
-0.6857849219183803 0.0878062141288285 -0.001155284680436353
-0.6895657925634827 0.08674495353797228 -0.001169359842176476
-0.6931393014926506 0.08575227317884289 0.00154179000097443
-0.6969230168294166 0.08470119985741177 0.001561029849849405
-0.7004938391053467 0.0836988981882698 -0.001145884463761959
-0.7042747097504491 0.08263763759741358 -0.001160539444311937
-0.707848218679617 0.08164495723828419 0.001551611367467842
-0.711631934016383 0.08059388391685307 0.001571961340882666
-0.7152027562923131 0.0795915822477111 -0.001135513318811121
-0.7189836269374156 0.07853032165685488 -0.001150795745088473
-0.7225571358665834 0.07753764129772549 0.001562474050748719
-0.7263408512033495 0.07648656797629437 0.001584067868312999
-0.7299116734792795 0.0754842663071524 -0.001124012626197768
-0.733692544124382 0.07442300571629618 -0.001139975763676304
-0.7372660530535499 0.07343032535716679 0.001574552931151274
-0.7410497683903159 0.07237925203573567 0.001597549651711105
-0.744620590666246 0.07137695036659369 -0.00111118722536574
-0.7484014613113484 0.0703156897757375 -0.001127890747259386
-0.7519749702405163 0.06932300941660811 0.001588064370740661
-0.7557586855772823 0.06827193609517698 0.001612655138254482
-0.7595424009140482 0.06722086277374588 0.001638019446563277
-0.7631132231899783 0.0662185611046039 -0.001071303571920978
-0.7666867321191462 0.06522588074547452 0.001646939104924527
-0.7704704474559122 0.0641748074240434 0.001674075651049378
-0.7740412697318423 0.06317250575490142 -0.001035446873146384
-0.7778221403769447 0.06211124516404521 -0.00105307259437204
-0.7813956493061126 0.06111856480491582 0.001667138739521512
-0.7866388423591764 0.05961632597258922 -0.006570978433327213
-0.7916723076901175 0.05817417669355565 -0.006730043126286667
-0.7964997502502281 0.05680511426507461 -0.004132502151726669
-0.8013308627411925 0.05544905906564721 -0.00147410220572386
-0.8059519268629843 0.05415196278793408 -0.001509221319195397
-0.8105729909847762 0.05285486651022094 -0.001546054630916061
-0.8151940551065681 0.05155777023250781 -0.001584730788012578
-0.8193950224900154 0.05037859179822311 -0.001621609179585093
-0.8238093570495756 0.04915233958988682 0.001098645154069544
-0.8278002760638504 0.04803212007731636 -0.001631741472479575
-0.8317941978082145 0.0469226537935835 0.001086868750804548
-0.8364187387753729 0.04563800862294547 0.001117585621923212
-0.8410432797425312 0.04435336345230745 0.001150089216663375
-0.8446141020184613 0.04335106178316547 -0.001578801817720077
-0.8481876109476292 0.04235838142403608 0.00114083590975067
-0.8519713262843952 0.04130730810260496 0.001169986961345515
-0.8553346288059649 0.04037302070577731 0.001197178732999404
-0.8591183441427309 0.03932194738434618 0.001229320832123904
-0.862689166418661 0.03831964571520421 -0.001502178702718737
-0.8658422625326326 0.03744375128067827 0.001219218503602626
-0.868992988070218 0.03655936745496478 -0.001509660173679706
-0.871933665238631 0.03573394255096549 -0.001544340174881143
-0.8748743424070441 0.03490851764696622 -0.001580650979675191
-0.8778150195754572 0.03408309274296693 -0.001618710388864741
-0.8805477028742326 0.03332398423304446 0.001099277069267046
-0.883490592580606 0.03250648276082028 0.001127034790435744
-0.8860130694717834 0.03180576721319954 0.001151967534651632
-0.8889559591781568 0.03098826574097534 0.001182486927372217
-0.8912664912390529 0.03033971760211875 -0.001543042604567724
-0.8939991745378283 0.02958060909219629 0.001180013245878797
-0.8963097065987242 0.02893206095333972 -0.001547133708662329
-0.8988302870287925 0.02822455389276891 -0.001585696674707648
-0.9028057585568263 0.02705069169274833 -0.01567118571731019
-0.9046933080559292 0.02650988571311077 -0.007741624160564342
-0.9063685159699062 0.02602013818344239 -0.0133642203451263
-0.9086737322439769 0.0253529417936123 -0.01094099044763563
-0.9107726203135901 0.02475769725949012 -0.00568502993842479
-0.9126630556361413 0.02422706696406204 -0.003056430311976222
-0.9149753261197204 0.02358474437874303 -0.0003728944540775103
-0.9170773901957017 0.02300081475572571 -0.0003823482232814257
-0.9200331062489707 0.02223097640034477 0.01635870744645818
-0.9221443320013057 0.02168109186078698 0.01680028608721962
-0.9238309184067827 0.02123209242345168 0.01166538449670806
-0.92572696072557 0.02072185939380463 0.00920043194506448
-0.9274098640943067 0.02025924675956121 0.003901930973081669
-0.9293017217626899 0.0197337100988456 0.001240850009454952
-0.9314037858386709 0.01914978047582832 0.001278861098493067
-0.9328741244228773 0.0187370680238287 -0.001445545317540819
-0.9345545113762562 0.01826539665011484 -0.001482676721845877
-0.9368597276503269 0.01759820026028475 -0.009913020293476293
-0.9381190604920949 0.01724105353981141 -0.004618433243021691
-0.9400123267819237 0.01672061432628757 0.003570944048244762
-0.9414859521415561 0.01631979588897363 0.006421835829954148
-0.9429584925892006 0.01591500983401064 0.003824574613438436
-0.9442206701157529 0.01556805035832811 0.003911023368916133
-0.9456921149689398 0.01515929962221598 0.001250593174740189
-0.9469533534145284 0.01480894184840563 0.001280316703232032
-0.9480035952603904 0.01451414723983442 -0.001441646293761423
-0.9492638854754244 0.01416039370954904 -0.001477471733175584
-0.9505241756904587 0.01380664017926361 -0.001515123096746507
-0.9517844659054927 0.01345288664897823 -0.001554743628227939
-0.953044756120527 0.0130991331186928 -0.001596491957004176
-0.9540957881585174 0.01280716830718419 0.001122024773910546
-0.955357026604106 0.01245681053337381 0.001153713657943811
-0.957244576103209 0.01191600455373622 -0.00723292661346342
-0.9580847695798985 0.01168016886687928 -0.001883132759841644
-0.9591358016178889 0.01138820405537067 0.000831112168589776
-0.9601876162233495 0.0110990711589685 0.003617543438977577
-0.96123864826134 0.01080710634745987 0.0009491858023391586
-0.9622904628668005 0.01051797345105771 0.003744090851045989
-0.9633414949047912 0.01022600863954904 0.001080796420279029
-0.9641823205351835 0.009992436790342167 0.001106160468681949
-0.9650231461655759 0.009758864941135242 0.001132743609263187
-0.9658639717959683 0.009525293091928342 0.001160635897469398
-0.9664941169034854 0.00934841632678564 -0.001561612899820375
-0.9673343103801749 0.009112580639928671 -0.001601797101855595
-0.9681745038568642 0.008876744953071775 -0.001644104004268954
-0.9690146973335537 0.00864090926621483 -0.001688706364893378
-0.9696453165563481 0.00846573037930962 0.001025569740267684
-0.9702754616638652 0.008288853614166916 -0.001703213787093816
-0.9713249056986719 0.007991231347105826 -0.004557735449497891
-0.9721657313290644 0.007757659497898902 0.0008541224608862308
-0.9727968200923407 0.007584179760057614 0.003629748445447945
-0.9736382717767089 0.007352873442935938 0.003745487639697842
-0.9746877158115157 0.007055251175874798 -0.004514685864725365
-0.9753178609190326 0.006878374410732145 -0.001867798730893711
-0.9759484801418269 0.006703195523826958 0.0008472526145837378
-0.9767893057722195 0.00646962367462001 0.0008779375052752059
-0.9776288610000646 0.006231525860971172 -0.004678314787243565
-0.9780492738152609 0.006114739936367699 0.000722070835466937
-0.9786803625785372 0.005941260198526412 0.003516484241594675
-0.979729806613344 0.005643637931465272 -0.004800339548218346
-0.9814114578741288 0.005176494233051471 0.0006395267497953938
-0.9816218207952209 0.005118667653771034 0.003371050375492679
-0.9822524400180151 0.004943488766865846 0.0007017147693169079
-0.9826728528332114 0.004826702842262371 0.0007187372414865223
-0.9833029979407284 0.004649826077119694 -0.002049238914313634
-0.9835132043483265 0.00459143311481798 0.000652382098104809
-0.9839336171635227 0.004474647190214506 0.0006694499541097798
-0.9843540299787189 0.004357861265611033 0.0006874348733383329
-0.9847744427939151 0.004241075341007582 0.0007064128075349174
-0.9856139980217604 0.00400297752735872 -0.004953929905329169
-0.9858240463909327 0.003944018605644501 -0.002294036670747346
-0.9860342527985309 0.003885625643342764 0.0004053831764530003
-0.9866653415618072 0.003712145905501477 0.003245317087253952
-0.9870854383001519 0.003594228062072992 -0.002211205337325772
-0.9872956447077501 0.003535835099771255 0.0004901814674118654
-0.9877160575229462 0.003419049175167829 0.0005069553586150022
-0.9881364703381424 0.003302263250564379 0.0005249179228083989
-0.9885568831533387 0.003185477325960905 0.0005442001534028407
-0.9887669315225111 0.003126518404246663 -0.002189422052984114
-0.9891870282608558 0.003008600560818179 -0.002274537707902979
-0.9893972346684539 0.002950207598516465 0.0004271750353979087
-0.9898176474836501 0.002833421673912991 0.0004448102179335223
-0.9902380602988462 0.002716635749309565 0.0004639641764301317
-0.9904484232199382 0.002658809170029152 0.003226849018622246
-0.9906586296275364 0.002600416207727415 0.0005454417111749876
-0.9906586296275364 0.002600416207727415 0.0005454417111749876
-0.9906586296275364 0.002600416207727415 0.0005454417111749876
-0.9906586296275364 0.002600416207727415 0.0005454417111749876
-0.9906586296275364 0.002600416207727415 0.0005454417111749876
-0.9906586296275364 0.002600416207727415 0.0005454417111749876
-0.9906586296275364 0.002600416207727415 0.0005454417111749876
-0.9906586296275364 0.002600416207727415 0.0005454417111749876
-0.9906586296275364 0.002600416207727415 0.0005454417111749876
-0.9906586296275364 0.002600416207727415 0.0005454417111749876
-0.9906586296275364 0.002600416207727415 0.0005454417111749876
-0.9906586296275364 0.002600416207727415 0.0005454417111749876
-0.9906586296275364 0.002600416207727415 0.0005454417111749876
-0.9906586296275364 0.002600416207727415 0.0005454417111749876
-0.9906586296275364 0.002600416207727415 0.0005454417111749876
-0.9906586296275364 0.002600416207727415 0.0005454417111749876
-0.9906586296275364 0.002600416207727415 0.0005454417111749876
-0.9906586296275364 0.002600416207727415 0.0005454417111749876
-0.9906586296275364 0.002600416207727415 0.0005454417111749876
-0.9906586296275364 0.002600416207727415 0.0005454417111749876
-0.9906586296275364 0.002600416207727415 0.0005454417111749876
-0.9906586296275364 0.002600416207727415 0.0005454417111749876
-0.9906586296275364 0.002600416207727415 0.0005454417111749876
-0.9906586296275364 0.002600416207727415 0.0005454417111749876
-0.9906586296275364 0.002600416207727415 0.0005454417111749876
-0.9906586296275364 0.002600416207727415 0.0005454417111749876
-0.9906586296275364 0.002600416207727415 0.0005454417111749876
-0.9906586296275364 0.002600416207727415 0.0005454417111749876
-0.9906586296275364 0.002600416207727415 0.0005454417111749876
-0.9906586296275364 0.002600416207727415 0.0005454417111749876
-0.9906586296275364 0.002600416207727415 0.0005454417111749876
-0.9906586296275364 0.002600416207727415 0.0005454417111749876
-0.9906586296275364 0.002600416207727415 0.0005454417111749876
-0.9906586296275364 0.002600416207727415 0.0005454417111749876
-0.9906586296275364 0.002600416207727415 0.0005454417111749876
-0.9906586296275364 0.002600416207727415 0.0005454417111749876
-0.9906586296275364 0.002600416207727415 0.0005454417111749876
-0.9906586296275364 0.002600416207727415 0.0005454417111749876
-0.9906586296275364 0.002600416207727415 0.0005454417111749876
-0.9906586296275364 0.002600416207727415 0.0005454417111749876
-0.9906586296275364 0.002600416207727415 0.0005454417111749876
-0.9906586296275364 0.002600416207727415 0.0005454417111749876
-0.9906586296275364 0.002600416207727415 0.0005454417111749876
-0.9906586296275364 0.002600416207727415 0.0005454417111749876
-0.9908689925486285 0.002542589628446978 0.003313400181307102
-0.9908689925486285 0.002542589628446978 0.003313400181307102
-0.9910791989562266 0.002484196666145241 0.0006345974940575871
-0.9910791989562266 0.002484196666145241 0.0006345974940575871
-0.9908691505870543 0.002543155587859483 -0.00201142380651298
-0.9908691505870543 0.002543155587859483 -0.00201142380651298