
0.0 0.0 -1.570796326794897
0.0 0.0 -1.570796326794897
0.002181534952112129 2.35039758436e-05 -1.583751444371002
0.004581353968889843 1.70402652605e-05 -1.572684161307794
0.007415497912653456 -8.98795517559e-05 -1.540504624558843
0.009812183916048144 -0.0002126366044024147 -1.529435505048688
0.01046607473189001 -0.000240833191655434 -1.538169990882294
0.01199030843918126 -0.0003353780265177808 -1.520841667926306
0.01590179765495521 -0.0006839594253132982 -1.497825156977288
0.01655416067366741 -0.0007367868650749383 -1.506558897898361
0.01829035636459089 -0.0009151088230212747 -1.486751836456281
0.02196950356695438 -0.001383356861548403 -1.466202476897087
0.02477571839875873 -0.001794406808640058 -1.450167383581186
0.02564048159578255 -0.001911574050392663 -1.461809799880318
0.02822205737525614 -0.00234672740271375 -1.432085848195883
0.03185942299472479 -0.003071262917751468 -1.406124145498081
0.03547815847242888 -0.003883749166650103 -1.385538196131268
0.03865284585373382 -0.004677831149419897 -1.36451107931571
0.03950166135344487 -0.004880453450554439 -1.37614427715508
0.04203795236560503 -0.005529390925845055 -1.362555795874995
0.04496631360893814 -0.006397497434006659 -1.32782650707219
0.04910742607117023 -0.007772188785479892 -1.299732352860741
0.04973023881740212 -0.00797336664138395 -1.308448857480918
0.05280113340660524 -0.009104212601884099 -1.271195617811737
0.05624939367861281 -0.0104698192285295 -1.250502456190057
0.06005642743972983 -0.0121095814907368 -1.224809391328625
0.06065961043812109 -0.01236362581172584 -1.233513660442132
0.06284271695477042 -0.01336022955936365 -1.206151997357964
0.0661695023943383 -0.01499970478068377 -1.179993099854704
0.06695638595648903 -0.0153770081189724 -1.191587900241092
0.06946926297794132 -0.01669201869546974 -1.159207394670827
0.07251732607156872 -0.01839319716016264 -1.135484147016337
0.07607546927325784 -0.02051968329722478 -1.109628058734741
0.07663997601312267 -0.02085089378501502 -1.118307444733144
0.07867295016155353 -0.02212611502254766 -1.09084733638665
0.08194223127192164 -0.02430167423757547 -1.06741963569776
0.08513950110158026 -0.02658174496302607 -1.038554620639281
0.08567543255926349 -0.02695743861381165 -1.047214930539615
0.0875988449704361 -0.02839258940358588 -1.019680484395664
0.09068186038580721 -0.03082492836542616 -0.9961252179579182
0.09385866968430961 -0.0334876730050401 -0.970010437084304
0.09631498722395436 -0.03565001208779516 -0.9485080587978446
0.09680972909519567 -0.03607849630852646 -0.9571404049336907
0.09955359022218063 -0.03857381321787172 -0.9359822700532718
0.1022223279786027 -0.04114931688699959 -0.9093827318784099
0.1046678897044805 -0.04364008476787284 -0.8852507487533426
0.107201390394382 -0.04634872919202901 -0.8639414765303262
0.1096535405960856 -0.04913123521188382 -0.8371845535801571
0.1120375271343472 -0.05197235973355324 -0.8157656836595187
0.1143363043202953 -0.05488285862749014 -0.7888949628428298
0.1165638605714383 -0.0578482209173693 -0.7673588836614839
0.1187025958052934 -0.06087826909548631 -0.7403667230681388
0.1207672594506042 -0.06395926640057689 -0.7187057451687507
0.1226316744662029 -0.06691030917239138 -0.6941376806634951
0.124061645700111 -0.06935959192688058 -0.6609733787272507
0.1257397888972472 -0.07242039773603831 -0.636248410651749
0.127624037846308 -0.07611254240178576 -0.6091546631298583
0.128953494095308 -0.07886235231575486 -0.5894278324551121
0.1293417809454861 -0.07964387446607792 -0.6007317996361128
0.1305967003171741 -0.08242849039139513 -0.564783026622627
0.1320196968384635 -0.08585346648804774 -0.5372033219742058
0.133496011790064 -0.08972681394193371 -0.5097657922334755
0.1337340482028354 -0.0903364916541473 -0.5181983897567306
0.1345402431967099 -0.09259685063552484 -0.4897988013649193
0.135623922072484 -0.09591503340410004 -0.4645696130011121
0.1369166140885582 -0.1003103708693871 -0.4370633696940791
0.1371063519112426 -0.1009367635618876 -0.4454534735144451
0.1377337142425698 -0.1032531377972119 -0.41689445977972
0.1385551729911061 -0.1066457624914452 -0.3914282082290927
0.1394444180996701 -0.1109175105965614 -0.3608112115830044
0.1395829779600311 -0.1115571741109749 -0.3691538541674038
0.1401651248260995 -0.1145555092335545 -0.3487671894815865
0.1408095094573963 -0.1184292703676012 -0.3232244574968022
0.1411766729778731 -0.1212415638605485 -0.2891158851569215
0.1415351873562058 -0.1247137626209879 -0.263202186060338
0.1418428399091834 -0.1290662261352883 -0.2320128171191822
0.14189426156288 -0.1297187014682367 -0.2402695476707839
0.1420685696811932 -0.1327680497856413 -0.2194764169586079
0.1421904182230562 -0.1364748723191718 -0.1960578787707592
0.1421843070758449 -0.1393110257697316 -0.1615648749431713
0.1420664522000976 -0.1430179774271593 -0.132499046727125
0.1417869409969991 -0.1473723387148813 -0.1006830061685999
0.1417502932626078 -0.148025810359361 -0.1088454922327657
0.1415136061325463 -0.1510709520118021 -0.08760763576186936
0.1411366594482113 -0.1547605714446721 -0.06364101893910412
0.1406324746782755 -0.1586550617315347 -0.03687587330583653
0.1400444977877597 -0.1625377850094572 -0.01539948959328052
0.1395219413811948 -0.1653253894547114 0.01968056521436568
0.1388418698262733 -0.1687491592296313 0.03058032151043188
0.1379613825011466 -0.1732452448774442 0.02803932099179818
0.1376308463035767 -0.175180718990232 0.003807556312169558
0.1370557893957486 -0.1788446908671714 -0.009702522429365867
0.1364906031379222 -0.1825101983158349 -0.01245140091876662
0.1361444388286854 -0.18444293846655 0.01181727839004076
0.1354807423808082 -0.1880918954938824 0.01457606675553214
0.1346730256592557 -0.1926016225122176 0.01194916378592037
0.1344321748532109 -0.1941096735755008 -0.00691760757360016
0.1342048699201827 -0.195398783909693 0.009257680432724236
0.1335706792225579 -0.1990529845775943 0.006594253003440631
0.1328728805832438 -0.2031389854823684 0.003920858898784241
0.1322583835082255 -0.2067965493857114 0.001233110655122438
0.1319800911341933 -0.2087402231170076 -0.02306388326421671
0.1314235063861289 -0.2126275705796001 -0.02317733380374909
0.1310981844052369 -0.2145639279401934 0.00106597222613769
0.1305012990427665 -0.2180031756276299 0.006481201619706889
0.1296805816693697 -0.222732141197855 0.006520677325972279
0.129447857916147 -0.2242414677943635 -0.01235713551473561
0.128934509465217 -0.2276941725543156 -0.0178230541541271
0.128421161014287 -0.2311468773142678 -0.0179028624289177
0.1280854129978974 -0.2330814541384508 0.006353826186001665
0.1273930843794238 -0.2369469344398809 0.0118002409059248
0.1266732854248345 -0.2410291171648231 0.009155889699352882
0.1264073154211515 -0.2427540618465471 -0.01241955463464151
0.1258297984138552 -0.2466383547014933 -0.01789791819607212
0.1253164499629251 -0.2500910594614454 -0.01798008518448824
0.1249807019465355 -0.2520256362856284 0.006276808631564101
0.124288373328062 -0.2558911165870585 0.01172433895135305
0.1235191193075358 -0.2601860946997587 0.01179254188180745
0.1229508569749653 -0.2634088705352394 0.009139005529880784
0.122630014193134 -0.2655668110102095 -0.01784722427776431
0.1220944641994313 -0.2692367655830194 -0.02064345046748417
0.1215490314703181 -0.2729052643904685 -0.01804034414480826
0.1209937199626087 -0.2765722808196176 -0.01542453359597684
0.1204285337047823 -0.2802377882682811 -0.01279582462894546
0.1198092030606672 -0.2841156338595807 -0.007449090273626613
0.1191689922523027 -0.2879900869819653 -0.002073489716784671
0.1188020257940608 -0.2899189855893837 0.02222764517453846
0.1180990560846106 -0.2935605805627216 0.0250500864968024
0.1172951231514338 -0.2978492027861895 0.01978378194797226
0.117010585014383 -0.2995711819516938 -0.001767826976347253
0.116478645007017 -0.3030210713151418 -0.01260341458189473
0.1161755717629794 -0.3047398850940648 0.008966004810394779
0.1154936569638948 -0.3086072160966416 0.009016233507440852
0.1147102449256523 -0.3131212286864019 0.006364421121932917
0.1144775211724297 -0.3146305552829104 -0.01251689266832123
0.1139827791741502 -0.3180859752496593 -0.023408110190835
0.1134472291804475 -0.3217559298224691 -0.02082641444061406
0.1129017964513343 -0.3254244286299183 -0.01823132753801038
0.1125229548962873 -0.3275729458535721 0.008730614048725771
0.1118982994159322 -0.3310072583498849 0.01419008271099864
0.1110905826943797 -0.3355169853682201 0.01157485403563219
0.1105223203618092 -0.3387397612037008 0.008924795905900673
0.1098881296641844 -0.342393961871602 0.006266050033052029
0.1095993711605362 -0.344336108299075 -0.01802772259410812
0.1093055612071408 -0.3460565297326641 0.003528817007970364
0.108644488812001 -0.3499274779582396 0.003549842407609471
0.1078854041899197 -0.3544456451329575 0.0008624280188134215
0.1073070540016672 -0.3578880582184567 0.0008670522350799903
0.1067735449946968 -0.3611167691537772 -0.001835584107267252
0.1061590479196786 -0.3647743330571201 0.0008627652149886256
0.1054832698441828 -0.3688640335751928 -0.001842502884519703
0.105235898845043 -0.3705917435585672 -0.02345374288356838
0.1047201259058002 -0.3742645297812309 -0.02629998701714631
0.1041944625326282 -0.3779359134959016 -0.02374537643354602
0.1036391510249188 -0.3816029299250507 -0.01575780378501257
0.1030302672401596 -0.3854824295594571 -0.01043634600426846
0.1024004942295915 -0.389358592976015 -0.005081553155000584
0.1019927537204338 -0.3915018136509245 0.0219298045543439
0.1012897840109836 -0.3951434086242622 0.02477210853583034
0.1004577860442392 -0.3996487192090623 0.01681750948786664
0.09995025346645066 -0.4024390981123164 0.01419021563174594
0.09961779096184691 -0.4045952789644714 -0.01278993202999867
0.09906247945413749 -0.4082622953936205 -0.01557905027802553
0.09853983332923451 -0.4117136049739961 -0.0156702163634963
0.09797464707140814 -0.4153791124226595 -0.01305799712118128
0.09762848276217137 -0.4173118525733746 0.01121985063511044
0.09691534164781901 -0.4211735473603461 0.01671778370465971
0.09609548132985293 -0.4256810825117567 0.01413471285900414
0.09551854081445832 -0.4289023160962818 0.01150596463726683
0.09521932456031496 -0.4308428788632213 -0.0127780486655884
0.0947059761093849 -0.4342955836231734 -0.01827540847326814
0.0941284591020886 -0.4381798764781196 -0.0184013862974588
0.09379271108569899 -0.4401144533023026 0.005859494385090702
0.09314868044211909 -0.443766932582514 0.008609148467731531
0.09231522902101569 -0.4484936704745522 0.008683043274372304
0.09207844088249821 -0.4500023647768214 -0.0101986750180012
0.09159717670975129 -0.4532392754892765 -0.01838679694505618
0.09104186520204187 -0.4569062919184255 -0.0157990796662133
0.09045388831152602 -0.460789015196348 -0.01591255163031891
0.08986896492541735 -0.4644514249214644 -0.00788581617574291
0.08924963428130228 -0.468329270512764 -0.007943257559434702
0.08860942347293778 -0.4722037236351486 -0.002575197148928954
0.08799492639791955 -0.4758612875384916 0.0001190371196830853
0.08762276596350474 -0.4777891907596705 0.0244500412483537
0.08687844509467513 -0.4816449972020281 0.02463270530928052
0.08604644712793071 -0.4861503077868281 0.01669802605579629
0.08550796931356239 -0.4891567924657182 0.0113779075753635
0.08520875305941902 -0.4910973552326577 -0.0129117221188304
0.08463123605212271 -0.4949816480876039 -0.01843886442806308
0.08411788760119267 -0.498434352847556 -0.01856541548921786
0.08358594759382668 -0.501884242211004 -0.01326967275739799
0.08294323693213637 -0.5059792696028774 -0.01066377864114321
0.08233859339090323 -0.509638475329574 -0.002602821373495212
0.08169838258253873 -0.5135129284519585 -0.00262354153679567
0.08105817177417424 -0.5173873815743431 -0.002644594238701226
0.08044367469915602 -0.521044945477686 4.91878828022e-05
0.0798193285481907 -0.5247008410240629 0.002763702520466316
0.07915825615305094 -0.5285717892496384 0.002786406263575181
0.0784971837579112 -0.532442737475214 0.002809486116734261
0.07783611136277145 -0.5363136857007895 0.002832951503933812
0.07722161428775323 -0.5399712496041325 0.0001406516525661594
0.07657097032596924 -0.5438439643253191 0.0001418457981132715
0.07599262013771678 -0.5472863774108184 0.0001429244127730822
0.07534197617593277 -0.5511590921320051 0.0001441576311940196
0.07469133221414878 -0.5550318068531918 0.0001454123164050802
0.07404068825236478 -0.5589045215743784 0.0001466890338424065
0.07346233806411234 -0.5623469346598776 0.0001478428628107764
0.07281169410232834 -0.5662196493810643 0.000149162810960668
0.07216105014054433 -0.5700923641022509 0.0001505065405524864
0.07153670398957901 -0.5737482596486279 0.002868319523652518
0.07092220691456079 -0.5774058235519708 0.0001764240813182383
0.07027156295277678 -0.5812785382731575 0.0001780558595381176
0.06962091899099278 -0.5851512529943441 0.0001797181047760166
0.06901627544975965 -0.5888104587210405 -0.002536051286886387
0.06794114530589465 -0.5943799569155572 0.02473451092184109
0.06719682443706505 -0.5982357633579148 0.02497293855501326
0.06652330227351004 -0.6018829195456101 0.01704792220820073
0.0658309736550365 -0.6057483998470403 0.0117756666246509
0.06518694301145658 -0.6094008791272517 0.009167317709871892
0.06452587061631683 -0.6132718273528273 0.003818364173012956
0.06391137354129861 -0.6169293912561702 0.001135697959359971
0.0632607295795146 -0.6208021059773569 0.001147298968264154
0.06265608603828146 -0.6244613117040534 -0.001561171581967002
0.06204158896326324 -0.6281188756073963 0.001143375789551593
0.06139094500147924 -0.631991590328583 0.00115541036202349
0.06074030103969523 -0.6358643050497697 0.001167700968425001
0.0601356574984621 -0.6395235107764661 -0.001541191905827022
0.05952116042344387 -0.6431810746798091 0.001164030510221625
0.05887051646165987 -0.6470537894009958 0.001176805389492275
0.05821987249987587 -0.6509265041221824 0.001189863780885814
0.05754409442438 -0.655016204640255 -0.00152136522405133
0.05697501815027822 -0.6584601629712635 -0.001536702175202409
0.05640594187617645 -0.6619041213022719 -0.001552351500145432
0.05576573106781195 -0.6657785744246565 -0.001570342395312396
0.05512552025944745 -0.669653027547041 -0.001588755188741908
0.05448530945108294 -0.6735274806694256 -0.001607604897181814
0.05377396410845572 -0.6778324285831862 -0.001629080616171619
0.0531594670334375 -0.6814899924865291 0.001076552990481039
0.05258111684518506 -0.6849324055720283 0.001088317497113023
0.0519053387696892 -0.6890221060901008 -0.001626194852150986
0.05107396037407631 -0.6939705749005061 0.0010844743822227
0.05049561018582387 -0.6974129879860053 0.00109681428316688
0.04984496622403986 -0.7012857027071919 0.001111036696560541
0.04924032268280672 -0.7049449084338885 -0.001601991638229494
0.04867124640870493 -0.708388866764897 -0.00162090622860589
0.04805674933368672 -0.7120464306682399 0.001086128437434164
0.04747839914543427 -0.7154888437537392 0.001099272351798186
0.04682775518365026 -0.7193615584749259 0.001114444762907674
0.04629424617667986 -0.7225902694102463 -0.001597336916954184
0.04567974910166163 -0.7262478333135893 0.001110719611668642
0.04507510556042849 -0.7299070390402859 -0.001604126207839895
0.044434894752064 -0.7337814921626704 -0.00162746579297135
0.04382039767704577 -0.7374390560660135 0.001080795190134376
0.04316975371526177 -0.7413117707872001 0.001096978298009921
0.04251910975347777 -0.7451844855083868 0.001113653402690762
0.04191446621224463 -0.7488436912350833 -0.001602765954858976
0.04127425540388013 -0.7527181443574679 -0.001627871558686822
0.0406597583288619 -0.7563757082608108 0.00108153773565256
0.04000911436707789 -0.7602484229819975 0.001099011060274879
0.03940447082584476 -0.763907628708694 -0.001619103271935707
0.03876426001748026 -0.7677820818310785 -0.001646109896726866
0.03814976294246202 -0.7714396457344216 0.001064061958612861
0.03749911898067804 -0.7753123604556083 0.001082405444728485
0.03663159369829937 -0.7804759800838572 0.001107870383768361
0.03578689008228746 -0.7854221917054259 0.003888959963222804
0.03495551168667458 -0.7903706605158312 0.001223778330441627
0.03416028017782747 -0.7951039785083927 0.001252054840867434
0.03334223303380615 -0.8000546686092174 -0.00147703398952781
0.03258314841172481 -0.8045728357839351 0.00124450312165747
0.03183623580196623 -0.8090930310933837 -0.001483204203405197
0.0310537559250763 -0.8138284737985203 -0.001520921317433421
0.03034241058244906 -0.818133421712281 -0.001556913593923737
0.02963106523982183 -0.8224383696260417 -0.001594650657987362
0.02894427439127206 -0.8265262351650721 0.001124655523573992
0.0282684963157762 -0.8306159356831446 -0.001606620537241366
0.02758170546722643 -0.834703801222175 0.001113670691472723
0.02693106150544242 -0.8385765159433617 0.001140393888185764
0.02628041754365842 -0.8424492306645484 0.001168431093020228
0.02567577400242529 -0.8461084363912449 -0.001561229490408378
0.02506127692740706 -0.8497660002945878 0.001159748996877763
0.02445663338617391 -0.8534252060212845 -0.001571937809973667
0.02388755711207214 -0.8568691643522929 -0.001609751038995189
0.02334535381058547 -0.8600964266199485 0.001108660507622261
0.02276700362233303 -0.8635388397054476 0.001136633250826913
0.0222334946153626 -0.8667675506407682 -0.001594492480402776
0.02169129131387593 -0.8699948129084237 0.001126201624134238
0.02118523489915503 -0.8730069243582357 0.001152918820260806
0.02072286042644736 -0.8758051405021799 -0.001575189994119652
0.02022491868660829 -0.8788186040418124 -0.001614350322414637
0.01975500915865317 -0.8816155646737807 0.001104557666736339
0.01929263468594548 -0.884413780817725 -0.001627305626754616
0.01852261200955042 -0.8895928379576532 -0.01861966434089646
0.01817853942948649 -0.8917471966194864 -0.008001966039178798
0.01759091952269559 -0.8951880394866647 0.00286270574476144
0.0171363096566392 -0.8977662601550491 0.008457868670165292
0.0167259509699408 -0.9001307429401617 0.005901074053823008
0.01632196228402205 -0.9024963224113468 0.003285530386680113
0.01595469984227775 -0.9046468492033332 0.003359671853652157
0.0155570840878542 -0.9070135081996139 0.0006832219311037058
0.01519561522019643 -0.9091650163780509 0.0006994065525771642
0.01483414635253863 -0.9113165245564882 0.0007163765631843511
0.01447267748488086 -0.9134680327349252 0.0007341905532403104
0.01411120861722309 -0.9156195409133622 0.0007529130894852187
0.01382203352309685 -0.9173407474561119 0.0007685929526775048
0.01346056465543908 -0.9194922556345489 0.0007891357290101819
0.01317138956131285 -0.9212134621772987 0.0008063778753084616
0.01280992069365508 -0.9233649703557357 0.0008290198637137536
0.01252074559952886 -0.9250861768984854 0.0008480699800659242
0.01223157050540264 -0.926807383441235 0.0008680161961600596
0.01194239541127641 -0.9285285899839848 0.0008889232624302856
0.0116532203171502 -0.9302497965267343 0.0009108623215896561
0.01140424944723067 -0.9317565282965506 -0.00182189152542156
0.01111971131017977 -0.933478507462055 -0.001869038440062587
0.01086668310281932 -0.9349845631869609 0.0008434698077832703
0.01057750800869311 -0.9367057697297104 0.0008664102299216214
0.01036062668809845 -0.9379966746367726 0.000884451501564687
0.01011165581817891 -0.9395034064065889 -0.001853997945387986
0.009858627610818462 -0.9410094621314948 0.0008608450443778892
0.009641746290223794 -0.942300367038557 0.0008801074345263782
0.009424864969629127 -0.9435912719456192 0.0009002515908855813
0.009175894099709606 -0.9450980037154354 -0.001842354123818835
0.008962490496921436 -0.9463894880895636 -0.001886722739320668
0.008749086894133267 -0.9476809724636918 -0.001933281107275864
0.008568352460304397 -0.9487567265529102 0.0007760877385929454
0.008351471139709729 -0.9500476314599724 0.0007961466284487351
0.008134589819115062 -0.9513385363670346 0.0008172699194137767
0.007956753483458244 -0.9524147733454748 -0.001918558585530805
0.007776019049629344 -0.9534905274346933 0.0007927752647762798
0.007598182713972543 -0.9545667644131335 -0.00194564231406269
0.007417448280143658 -0.9556425185023519 0.0007659041379850517
0.007200566959548989 -0.9569334234094141 0.0007888648681542154
0.007055979412485887 -0.9577940266807888 0.0008049524300648425
0.006878143076829085 -0.958870263659229 -0.001937855994231574
0.0066974086430002 -0.9599460177484475 0.000775848336644458
0.006552821095937069 -0.9608066210198224 0.0007928865788571215
0.006408233548873966 -0.9616672242911971 0.0008106899707065462
0.006263646001810864 -0.9625278275625718 0.0008293112378345846
0.006119058454747733 -0.9633884308339468 0.0008488080641269047
0.005974470907684631 -0.9642490341053215 0.0008692436885795463
0.005829883360621528 -0.9651096373766962 0.0008906875905079215
0.00572318155922743 -0.9657553795637603 -0.001836704826615243
0.005580912490701994 -0.9666163691465124 -0.001884060002505183
0.005438643422176544 -0.9674773587292645 -0.001933921686707807
0.005296374353651107 -0.9683383483120166 -0.001986494292905538
0.005187933693353773 -0.9689838007655477 0.0007216278490786987
0.005043346146290671 -0.9698444040369224 0.0007422247726485143
0.004936644344896573 -0.9704901462239865 -0.001993866708996705
0.004828203684599254 -0.9711355986775175 0.0007151873550590437
0.004683616137536122 -0.9719962019488925 0.0007371689657387215
0.004611322364004585 -0.9724265035845797 0.0007486743906668369
0.004466734816941454 -0.9732871068559547 0.0007727973873159488
0.004394441043409917 -0.9737174084916419 0.000785451380206581
0.004249853496346785 -0.9745780117630168 0.0008120446564583439
0.004177559722815249 -0.9750083133987041 0.000826028205648921
0.00407085792142115 -0.9756540555857682 -0.001916895003373886
0.00396241726112383 -0.9762995080392992 0.0007976645317575581
0.003890123487592264 -0.9767298096749867 0.0008124165835132757
0.00378342168619818 -0.9773755518620508 -0.001934662356379402
0.003674981025900846 -0.9780210043155819 0.0007810318579632991
0.003602687252369294 -0.9784513059512693 0.0007966302104758238
0.003530393478837743 -0.9788816075869566 0.0008128643035056893
0.003458099705306177 -0.9793119092226441 0.0008297738117784004
0.003351397903912107 -0.9799576514097081 -0.001923660560609219
0.003280263369649375 -0.9803881462010843 -0.001965872517847078
0.003209128835386657 -0.9808186409924603 -0.002009978597443673
0.003137994301123939 -0.9812491357838363 -0.002056109213924184
0.00302955364082659 -0.9818945882373675 0.0006600221951571505
0.002957259867295054 -0.9823248898730548 0.0006760922961459581
0.002884966093763488 -0.9827551915087422 0.0006929644695456982
0.002778264292369403 -0.9834009336958064 -0.00207823987178779
0.002707129758106685 -0.9838314284871824 -0.002133554179966746
0.002670982871340902 -0.9840465793050261 0.0005674061891616233
0.00256080413881761 -0.9846917373426221 0.003398319466482613
0.002524657252051842 -0.9849068881604657 0.0007149597547904118
0.002452363478520276 -0.9853371897961531 0.0007359438824565689
0.002345661677126192 -0.9859829319832173 -0.00204761176256163
0.002309514790360423 -0.9861980828010609 0.0006558656816444408
0.002273947523229057 -0.9864133301967489 -0.002069812398512338
0.002202812988966325 -0.9868438249881251 -0.00213751642857396
0.002131678454703607 -0.9872743197795011 -0.002209799459748529
0.002095531567937839 -0.9874894705973447 0.0004919274849055633
0.002059964300806473 -0.9877047179930327 -0.002240007711113989
0.00202381741404069 -0.9879198688108765 0.0004614774745050898
0.001951523640509138 -0.9883501704465638 0.0004785241141957997
0.001879229866977587 -0.9887804720822512 0.0004968784394807635
0.001879229866977587 -0.9887804720822512 0.0004968784394807635
0.001806936093446021 -0.9892107737179386 0.0005166969253214138
0.001734642319914484 -0.9896410753536259 0.0005381620484046223
0.001697916075740048 -0.9898561280328245 0.003300119646613808
0.001661769188974265 -0.9900712788506683 0.0006198588060668531
0.0015894754154427 -0.9905015804863557 0.0006479429752594967
0.0015894754154427 -0.9905015804863557 0.0006479429752594967
0.0015894754154427 -0.9905015804863557 0.0006479429752594967
0.0015894754154427 -0.9905015804863557 0.0006479429752594967
0.0015894754154427 -0.9905015804863557 0.0006479429752594967
0.0015894754154427 -0.9905015804863557 0.0006479429752594967
0.0015894754154427 -0.9905015804863557 0.0006479429752594967
0.0015894754154427 -0.9905015804863557 0.0006479429752594967
0.0015894754154427 -0.9905015804863557 0.0006479429752594967
0.0015894754154427 -0.9905015804863557 0.0006479429752594967
0.0015894754154427 -0.9905015804863557 0.0006479429752594967
0.0015894754154427 -0.9905015804863557 0.0006479429752594967
0.0015894754154427 -0.9905015804863557 0.0006479429752594967
0.0015894754154427 -0.9905015804863557 0.0006479429752594967
0.0015894754154427 -0.9905015804863557 0.0006479429752594967
0.0015894754154427 -0.9905015804863557 0.0006479429752594967
0.0015894754154427 -0.9905015804863557 0.0006479429752594967
0.0015894754154427 -0.9905015804863557 0.0006479429752594967
0.0015894754154427 -0.9905015804863557 0.0006479429752594967
0.0015894754154427 -0.9905015804863557 0.0006479429752594967
0.0015894754154427 -0.9905015804863557 0.0006479429752594967
0.0015894754154427 -0.9905015804863557 0.0006479429752594967
0.0015894754154427 -0.9905015804863557 0.0006479429752594967
0.0015894754154427 -0.9905015804863557 0.0006479429752594967
0.0015894754154427 -0.9905015804863557 0.0006479429752594967
0.0015894754154427 -0.9905015804863557 0.0006479429752594967
0.0015894754154427 -0.9905015804863557 0.0006479429752594967
0.0015894754154427 -0.9905015804863557 0.0006479429752594967
0.0015894754154427 -0.9905015804863557 0.0006479429752594967
0.0015894754154427 -0.9905015804863557 0.0006479429752594967
0.0015894754154427 -0.9905015804863557 0.0006479429752594967
0.0015894754154427 -0.9905015804863557 0.0006479429752594967
0.0015894754154427 -0.9905015804863557 0.0006479429752594967
0.0015894754154427 -0.9905015804863557 0.0006479429752594967
0.0015894754154427 -0.9905015804863557 0.0006479429752594967
0.0015894754154427 -0.9905015804863557 0.0006479429752594967
0.0015894754154427 -0.9905015804863557 0.0006479429752594967
0.0015894754154427 -0.9905015804863557 0.0006479429752594967
0.0015894754154427 -0.9905015804863557 0.0006479429752594967
0.001553908148311348 -0.9907168278820437 -0.002092877720085928
0.001553908148311348 -0.9907168278820437 -0.002092877720085928
0.001553908148311348 -0.9907168278820437 -0.002092877720085928
0.001553908148311348 -0.9907168278820437 -0.002092877720085928
0.001553908148311348 -0.9907168278820437 -0.002092877720085928
0.001553908148311348 -0.9907168278820437 -0.002092877720085928
0.001553908148311348 -0.9907168278820437 -0.002092877720085928
0.001553908148311348 -0.9907168278820437 -0.002092877720085928
0.001553908148311348 -0.9907168278820437 -0.002092877720085928
0.001553908148311348 -0.9907168278820437 -0.002092877720085928
0.001553908148311348 -0.9907168278820437 -0.002092877720085928
0.001553908148311348 -0.9907168278820437 -0.002092877720085928