
0.0 0.0 1.570796326794897
0.0 0.0 1.570796326794897
0.0 0.0 1.570796326794897
0.001090731866721532 1.46898250498e-05 1.558420027554462
0.001527049935710748 1.82154512656e-05 1.564243175341496
0.004798355347718704 0.0001063464091858523 1.548661062252413
0.006759280259587085 0.0002067839977148199 1.526382124604012
0.007413171075428951 0.0002349805849678393 1.535116554910573
0.01111359094432978 0.0004845264847288852 1.514579613505961
0.01415108186916398 0.0008047722692723005 1.479914895224655
0.01480250602569756 0.0008681348359782877 1.488647874511298
0.01826640723923641 0.001299510744337154 1.465187633565484
0.02149483031449167 0.001834758921854674 1.42802936995852
0.02235723089361263 0.00196820850259062 1.439669569798449
0.02600402373798578 0.002643695225237617 1.413711538675011
0.02898415883727149 0.003312801547860022 1.379009064312481
0.02983763618480249 0.00349479046707828 1.390643733147321
0.03302069430871891 0.00425462409633281 1.369619351463141
0.03575460079258884 0.005009315476101235 1.337374545994839
0.03659825569577933 0.005232452101937106 1.349003205762003
0.03994761430704617 0.006215556208632297 1.325470770840054
0.04263933740749704 0.007109105587089899 1.29319887982795
0.04347047386191161 0.007375105105153249 1.304819743451797
0.04676515950562682 0.008528250065930193 1.281252642185961
0.05063531691390831 0.01001290759208493 1.25559557649005
0.05304804890747337 0.0110290848760411 1.225760034081012
0.05365326492874044 0.01127824710065933 1.234464083302207
0.05684412552447586 0.0126935581795573 1.210829344050804
0.06078361021974425 0.01456947104331602 1.187988024778795
0.06291881214625417 0.01566495533159713 1.160589559227927
0.06330809798149488 0.01586204015051435 1.166383066585775
0.06676263081806437 0.01772951431573466 1.143072300749961
0.06920882669081194 0.01916475976282569 1.110639044096234
0.06977599122957194 0.01949139814475317 1.119318209831486
0.07294411547124512 0.02141970547284337 1.098437388294274
0.07549143796175853 0.02310495222340915 1.063450140970875
0.07834973906940239 0.02510865169426556 1.039587706390726
0.07906966955435447 0.02560184906480137 1.051135817659496
0.08206593853385392 0.02778765613879781 1.024750445378865
0.0844638394124759 0.02967947533134025 0.9896593044885625
0.08731904028700911 0.03204658503059551 0.9685565712923158
0.089786970260483 0.03419566106703668 0.9470490019614776
0.09028401310921841 0.03462147399908084 0.9556803127723741
0.09319638354276416 0.0372557396148665 0.9319977379639481
0.09618683260850716 0.0401261996337556 0.9057424557139725
0.0984920921337476 0.04244891026697377 0.8841252499789245
0.1008834210558123 0.04499179106991469 0.8599391575721449
0.1033579742458523 0.0477543925380795 0.8385706493875841
0.1053086250464118 0.05010468399558948 0.8031574070977117
0.1057306774334252 0.05060492396719449 0.8117344640996363
0.1080528968149044 0.053496753406585 0.7902524278766951
0.1107947077664213 0.0571672461239623 0.7585462025045754
0.1123159029036467 0.05929794021267681 0.7388561196938431
0.1143971332865817 0.06236777090106856 0.7171885184862136
0.1162774179070648 0.06530872763952005 0.6926141555696035
0.1183028681470607 0.06867307129051681 0.668263425763935
0.120022077940164 0.07171100059824703 0.6435604132255184
0.1218634467275551 0.07517951870624708 0.6190608075753739
0.1231048146675311 0.07772957936804364 0.5857272545330676
0.1233960298051647 0.07831572098078593 0.5942012909545649
0.1248644256956264 0.08148250330679817 0.5692906103022533
0.1264198272996566 0.08508832952652677 0.5445511148199638
0.127451318421666 0.08773026627945231 0.5110386477437947
0.1276942733450967 0.08833800072125714 0.5194716025630142
0.1289871408528105 0.09181418742075148 0.49715238795186
0.1299431764916559 0.094715032873068 0.4609256292393791
0.1301530572774057 0.09533496698436381 0.4693295331248548
0.1312568841041588 0.09887572208727387 0.446842343843231
0.1323038803786911 0.1026605676161981 0.4162651290543227
0.1329199744400933 0.105205036136873 0.3850282704087873
0.1337051469821386 0.1088297960518828 0.3622404689939693
0.13384887089004 0.1094683191014845 0.3705837324172019
0.1345753656827669 0.1131052938990854 0.3477465417398629
0.1352445337361649 0.1171960811645339 0.3141601592899192
0.1356725463197903 0.1202202692719813 0.2936026130029634
0.1361031145826059 0.1239040161869172 0.2704751411419664
0.1363430822998566 0.1269489010740099 0.2335647379393038
0.13642101305462 0.1278180790459631 0.2445775159579944
0.1366389922504275 0.1313019248895193 0.2185005453243443
0.1367648426435686 0.135881685337482 0.1844417111247918
0.1367892869486833 0.1387177400296892 0.1661239112270367
0.1367253584718482 0.1422078130864199 0.1397473650307544
0.1365741791450237 0.145039941005915 0.1050754980211472
0.1362593230491168 0.148954289293379 0.07849707674744488
0.1350622112984871 0.157157717162013 0.01398981369759866
0.1339596260174149 0.1638303864283419 -0.004902897845666665
0.1335923635756706 0.1659809132203283 -0.01031629352706376
0.1330781961572286 0.1689916507291093 -0.01035373280623153
0.1325640287387866 0.1720023882378902 -0.01039144481018761
0.132186677028018 0.1739292820869529 -0.03471339596664924
0.1319214879394851 0.1754332441435105 -0.01588853362681952
0.1312872972418603 0.1790874448114118 -0.01325398914868092
0.1305403846321017 0.1836076401208604 -0.005202431283115372
0.1300424428922627 0.1866211036604928 -0.005221721898349907
0.129720869718992 0.18833655254988 -0.02682583015565587
0.1294059832137079 0.190274634258159 -0.002591336237717234
0.1288210598275993 0.1939370439832753 0.000102536871257275
0.1281329146674714 0.1982457613069416 0.0001030879068433244
0.1278205869272938 0.199962917555098 -0.02149037917708418
0.1275756752009618 0.201470314439315 -0.002641492901483966
0.1269459021903938 0.205346477855873 -0.002654383080099798
0.1263161291798257 0.2092226412724309 -0.00266739968048979
0.1259991775734469 0.2109389500666404 -0.02426755975387107
0.1253158345802467 0.2145842789565882 -0.02708667648088214
0.1250009480749627 0.2165223606648672 -0.002853035756922306
0.1244357618171363 0.2201878681135307 0.005251742335405485
0.1237708368079288 0.2245002298178407 0.005280921649977621
0.1232634336539628 0.2277331461798461 0.00259833986560265
0.1226545498692035 0.2316126458142524 0.00261145314922584
0.1220456660844443 0.2354921454486588 0.002624699463982472
0.1215044360535472 0.2389405895681312 0.002636587290370196
0.120895552268788 0.2428200892025376 0.002650090471233435
0.1205441835610882 0.2447518899817135 -0.02164601894864493
0.1198706613975332 0.2483990461694088 -0.02445802213684467
0.1192552581811123 0.251835028659569 -0.01915906797782507
0.1189286043530479 0.2539920971473037 0.007797479308394584
0.1183615514185391 0.2578779314008671 0.01325319087962407
0.1176877815766934 0.2624096063983043 0.01062455233823401
0.1171978008345969 0.2656452091299064 0.007966044368990399
0.1168568434350546 0.2675788746311948 -0.01631772237209983
0.1165908734313716 0.2693038193129188 0.005241887474126461
0.1160158165235434 0.2729677911898582 0.002561316297385874
0.115339278984922 0.2772783463391986 0.002576586604579489
0.1150315773767116 0.2789963375842787 -0.01901603409223585
0.1147907265706668 0.2805043886475618 -0.0001625086275525156
0.1141713959265518 0.2843822342388615 -0.0001633892649939295
0.1134832507664239 0.2886909515625278 -0.0001643790128784683
0.1132140118592398 0.2901941939019728 -0.01905864937324253
0.1129433968437912 0.291918415961709 0.002494682900178846
0.1123584734576825 0.2955808256868253 -0.0001997596889395936
0.1116015137815419 0.3003204147428582 -0.0002011128929493289
0.1111198121694524 0.3033365168694246 -0.0002019836097151284
0.1108074844292748 0.305053673117581 -0.02180319506386552
0.1105030425368952 0.3069934229347842 0.002444308964641984
0.1099181191507865 0.3106558326599005 -0.000250423870619576
0.1091833839717905 0.3151780233125515 -0.00296328192405837
0.1085984605856818 0.3188404330376678 -0.0002713236788520756
0.1082861328455043 0.3205575892858242 -0.0218739423721781
0.1076614773651492 0.323991901782137 -0.02198547678207841
0.107036821884794 0.3274262142784499 -0.02209815425478978
0.1067043593801903 0.3295823951306049 0.004851480492249483
0.106126842372894 0.3334666879855511 0.01029786837993574
0.1054408693339588 0.3379965318097941 0.007656431172312184
0.1051837856247378 0.3395019005641846 -0.01122300151445632
0.1045776391366626 0.3429395281220306 -0.01669695963235807
0.1039237732192154 0.3465902595178257 -0.01949905778384142
0.1032522771864362 0.3504594131661918 -0.01419649808675016
0.1026739269981837 0.353901826251691 -0.008856684800413683
0.1020441539876157 0.357777989668249 -0.003490820382056281
0.1014143809770477 0.3616541530848069 -0.003512029261688143
0.100829457590939 0.3653165628099233 -0.0008233443474385815
0.1002101269468239 0.3691944084012229 -0.0008284064826775683
0.09959079630270884 0.3730722539925226 -0.0008335312496274838
0.09901573939488068 0.3767362258694619 0.001870808492936415
0.09824373081742126 0.3825759031489791 0.02635748425513906
0.09772905843244831 0.3864690213353239 0.0265240693305262
0.09725293724311665 0.389927056240373 0.02125667490118222
0.09689726457180303 0.3920795301972533 -0.005697539113166394
0.09626307387417823 0.3957337308651545 -0.01386127569004048
0.09561904323059833 0.3993862101453659 -0.01665563518842106
0.09498485253297353 0.4030404108132671 -0.01404789071836032
0.09436050638200823 0.406696306359644 -0.01142457732513713
0.09372029557364372 0.4105707594820285 -0.006077485094960755
0.0931255099525517 0.4142315804865555 -0.003405236428785985
0.09285769178355265 0.4161767251206456 0.02090464585992224
0.09232205544555454 0.4200670143888258 0.02104443025992686
0.09168492416766638 0.4246039856050575 0.01849530923148457
0.09118087711476966 0.4280580604971139 0.01318749393154217
0.09065823098986668 0.4315093700774895 0.007847974972587712
0.09009304473204031 0.435174877526153 0.005187989512549285
0.08951798782421215 0.4388388494030924 0.002510861470164771
0.08890910403945292 0.4427183490374988 0.002528333747250811
0.08832418065334424 0.4463807587626151 -0.0001661676613859964
0.08796761009616806 0.4483116061561009 -0.02449262514624295
0.0872544689818157 0.4521733009430723 -0.0246659930480968
0.08663906576539476 0.4556092834332325 -0.01940124936213095
0.08599503512181486 0.4592617627134439 -0.01682100855152258
0.08533396272667511 0.4631327109390194 -0.01151678813818813
0.08469375191831061 0.467007164061404 -0.006174574016470258
0.08409896629721858 0.4706679850659309 -0.003505253668650177
0.08349008251245935 0.4745474847003374 0.001895452738743364
0.08288119872770011 0.4784269843347438 0.001909547000430889
0.08231601246987374 0.4820924917834072 0.004635510165294621
0.081717579961587 0.4859736173172863 0.004670484596187352
0.08114252305375882 0.4896375891942257 0.001991264517063218
0.0805336392689996 0.493517088828632 0.00200651213223435
0.08030023648395723 0.4952467412034754 0.02363421191500725
0.0797750802176119 0.4991384590468732 0.0238171915920895
0.07910760935506241 0.5038914765114969 0.01860644507023457
0.07866656818377779 0.5069137920420462 0.01330048779317905
0.07814392205887481 0.5103651016224219 0.007969380846932994
0.07757873580104845 0.5140306090710854 0.005315733063209871
0.07700367889322028 0.5176945809480248 0.002642236606714476
0.07639479510846105 0.5215740805824312 0.002663653135226651
0.07578591132370181 0.5254535802168375 0.002685419681349499
0.07520098793759314 0.5291159899419539 -8.05179964947e-06
0.07458165729347807 0.5329938355332535 -8.11865888695e-06
0.07398687167238603 0.5366546565377805 -0.002722881697276192
0.073357098661818 0.5405308199543385 -0.002745862542647748
0.07304014705543917 0.542247128748548 -0.02438459653927105
0.07232700594108679 0.5461088235355195 -0.02459291881595682
0.07166330949320948 0.549757780562852 -0.02207764769786125
0.07102911879558468 0.5534119812307532 -0.01411221873659807
0.07037847483380069 0.5572846959519399 -0.008801835670238845
0.06974870182323266 0.5611608593684978 -0.003445197683721979
0.06916377843712398 0.5648232690936141 -0.0007581160935494768
0.06854444779300892 0.5687011146849138 -0.0007649332110155616
0.06796939088518075 0.5723650865618531 0.001944994208203044
0.06718510346528071 0.5784231825636394 0.02929227365865827
0.06664183817003148 0.5825325850936701 0.02685963939225289
0.06541076210993629 0.5896260334490078 -0.01377610020311137
0.06492093865727228 0.5926408272174417 -0.003024694330771238
0.06445938624495658 0.5952178140850618 -0.0193076818986686
0.06378789021217736 0.5990869677334278 -0.0140555215481124
0.06352656714972586 0.6008126225236157 0.00752410129165404
0.06295951421521706 0.6046984567771791 0.01303757920967441
0.06226644951748408 0.6094478097537567 0.01319580055253167
0.06178518534473716 0.6126847204662118 0.01059001813829141
0.06125324533737116 0.6161346098296598 0.005249923139047041
0.06067818842954299 0.6197985817065993 0.002581140637264667
0.06006930464478375 0.6236780813410057 0.002607738584782915
0.05948438125867508 0.627340491066122 -8.65127183072e-05
0.05886505061456 0.6312183366574217 -8.74224371981e-05
0.05824571997044495 0.6350961822487212 -8.83514915888e-05
0.05762638932632988 0.6389740278400209 -8.93005045504e-05
0.05696162892628584 0.6430655336686099 -0.00281462220164963
0.05644552005618995 0.6462970716613595 -0.0001223203215081625
0.05582618941207489 0.6501749172526592 -0.0001236762811223091
0.05527567328397261 0.6536218911115922 -0.0001249070673552399
0.05465634263985754 0.6574997367028919 -0.0001263213146982523
0.05403701199574247 0.6613775822941915 -0.0001277679541364929
0.05271377489560094 0.6682323493028274 -0.03312291346282237
0.05202562973547309 0.6725410666264936 -0.0008125555190299227
0.0514049874621508 0.6766394967531896 0.007359680591424445
0.05088234133724782 0.6800908063335652 0.007438987441457989
0.05029436444673197 0.6839735296114877 0.007530275705851741
0.04972917818890561 0.6876390370601512 0.004893582514527761
0.04942610494486799 0.6893578508390743 -0.01674609361503765
0.04877223902742075 0.6930085822348695 -0.01967143195670729
0.04812820838384085 0.6966610615150809 -0.01718303292910872
0.04749401768621606 0.7003152621829821 -0.01466672707265082
0.04684337372443206 0.7041879769041688 -0.009401583969282923
0.04623873018319892 0.7078471826308653 -0.006792286056173991
0.04561939953908384 0.711725028222165 -0.001424377856863002
0.04504434263125567 0.7153890000991043 0.001285365189208409
0.04443545884649643 0.7192684997335107 0.001303124323099647
0.04366345026903701 0.7251081770130279 0.02608433510004327
0.04320596370461662 0.728568726512001 0.02641557644535975
0.04193669457074846 0.7356554403979563 -0.01989344423068196
0.04137689633913244 0.7391009189904522 -0.003782316512279671
0.04092923231727962 0.7416803547560296 -0.01470165148700375
0.04011015585632246 0.7472932264556211 0.01250361302301672
0.03956404333241833 0.7511820589266768 0.01816927092163279
0.03899699039790951 0.7550678931802403 0.01298483827849406
0.03845155766879635 0.7587363919876893 0.01044765939916403
0.0378531251605096 0.7626175175215684 0.005143516732839304
0.03727806825268143 0.7662814893985078 0.002488502219730071
0.03666918446792219 0.7701609890329142 0.002530489297245975
0.03608426108181351 0.7738233987580305 -0.0001655582272366285
0.03518967237364731 0.7794247312787966 -0.00016976255990242
0.03436389818149388 0.7845951920671962 -0.000173837561847634
0.03360693850535324 0.7893347811232291 -0.0001777487057113003
0.0328499788292126 0.794074370179262 -0.0001818398927528886
0.03181776108902082 0.8005374461647614 -0.0001877321278180855
0.03112961592889295 0.8048461634884277 -0.0001918771113564866
0.03057909980079068 0.8082931373473607 -0.0001953272539014783
0.02982214012465003 0.8130327264033936 -0.0002002789253079396
0.02913399496452217 0.81734144372706 -0.0002050034425855607
0.02768884291031386 0.8246169544987646 -0.03949621899326594
0.02686306871816042 0.8297874152871642 -0.001842832103054137
0.02615721459813161 0.8345348843320982 0.009186680695830951
0.02551552903446904 0.8388507652820384 0.009432357924756607
0.02496021752675963 0.8425177817111874 0.006895698065870759
0.02446152376985401 0.8457520529894199 0.004290342965644456
0.0239062122621446 0.8494190694185689 0.007153633900111478
0.02334102600431823 0.8530845768672325 0.004571426210942864
0.0228336228503522 0.8563174932292379 0.001920260196754064
0.02229239281945509 0.8597659373487103 0.001967465905444277
0.0217762839493592 0.8629974753414601 -0.0007430686026752564
0.02126888079539318 0.8662303917034654 0.0019974612695286
0.02075277192529729 0.8694619296962152 -0.0007131785838998539
0.02027107031320779 0.8724780318227815 -0.0007300483791117252
0.01978936870111828 0.8754941339493479 -0.000747735598841226
0.0193076670890288 0.8785102360759143 -0.0007663011305798495
0.01882596547693929 0.8815263382024807 -0.0007858120628865262
0.01838621607683541 0.884328199049552 0.001953789777055626
0.01798029355366258 0.8869145321391563 0.001998459998535207
0.01757437103048975 0.8895008652287606 0.002045220634833367
0.01712707667640665 0.8923015314891436 -0.0006650464422877089
0.01671418958032994 0.8948867618833434 -0.0006814048466854405
0.01634209393408819 0.8972575672154806 0.00205841683170771
0.01596361409601787 0.899627361743497 -0.0006499862111526422
0.0155915184497761 0.9019981670756343 0.002092840093707471
0.0152130386117058 0.9043679616036506 -0.000615453015660794
0.01486896603164185 0.9065223202654838 -0.000629638642915431
0.01445607893556513 0.9091075506596836 -0.0006475491389270616
0.01418082087151401 0.9108310375891501 -0.0006600664967402192
0.0136991192594245 0.9138471397157165 -0.0006831771000161968
0.01335504667936058 0.9160014983775496 -0.0007007008975521423
0.01305060478698096 0.9179412481947529 0.002039797968444557
0.01274093946492342 0.9198801709904028 -0.0006694306397849736
0.01246568140087228 0.9216036579198692 -0.0006841491921656395
0.01219042333682115 0.9233271448493356 -0.0006995295186364991
0.01191516527276999 0.9250506317788022 -0.0007156172775688585
0.01167837713425252 0.9265593260810713 0.002018408932358495
0.01140776211880398 0.9282835481408075 0.002066920066785105
0.01116691131275922 0.9297915992040907 -0.0006399474074920697
0.01068194195575202 0.9325859879501328 -0.01469315386354242
0.01037227663369449 0.9345249107457827 -0.001262423328307838
0.0101063066300115 0.9362498554275067 0.004235918599183375
0.009840336626328487 0.9379748001092308 0.00435364057819454
0.009640859123566237 0.9392685086205239 0.004446317489126717
0.009404070985048765 0.940777202922793 0.001797550600467934
0.009201109723462353 0.9420703694675951 0.001837665765383134
0.008998148461875941 0.9433635360123973 0.001879612263078645
0.008757297655831187 0.9448715870756805 -0.0008360616544857979
0.008550854107792829 0.9461642022727804 -0.0008561385047063386
0.00834441055975447 0.9474568174698803 -0.0008772033140391766
0.008137967011716112 0.9487494326669802 -0.000899330846518831
0.007968832627060773 0.9498270714543153 0.001832601422768976
0.007765871365474374 0.9511202379991174 0.001881070432776522
0.0075938350754424 0.952197417330034 -0.0008306465026148846
0.007387391527404042 0.9534900325271339 -0.0008537351486883615
0.007218257142748703 0.9545676713144691 0.001883297612645052
0.007046220852716743 0.9556448506453856 -0.000829788153855926
0.006908591820691181 0.9565065941101188 -0.0008462311251078436
0.006739457436035827 0.957584232897454 0.001894094598789975
0.006567421146003853 0.9586614122283706 -0.0008201455857339557
0.006429792113978291 0.9595231556931039 -0.0008376086397190452
0.006292163081952729 0.9603848991578371 -0.0008558315412598994
0.006085719533914372 0.961677514354937 -0.0008847027530298757
0.005948090501888794 0.9625392578196703 -0.0009050573044913079
0.005810461469863218 0.9634010012844036 -0.0009263705150788226
0.005672832437837656 0.9642627447491369 -0.0009487117445532434
0.005571351807044449 0.9649093280215379 0.001776836487415112
0.005436044299320169 0.9657714390514061 0.001821576581739981
0.005300736791595904 0.9666335500812741 0.001868627948944601
0.005165429283871623 0.9674956611111422 0.001918174438136466
0.005062207509852444 0.9681419687096922 -0.0007909641625241104
0.004924578477826882 0.9690037121744254 -0.0008129570025587896
0.004786949445801291 0.9698654556391587 -0.0008362078476349399
0.004718134929788525 0.9702963273715253 -0.0008483392420579605
0.004580505897762934 0.9711580708362586 -0.000873689572665759
0.004479025266969742 0.9718046541086596 0.001861437784206776
0.004375803492950562 0.9724509617072096 -0.0008514924692133441
0.004238174460924986 0.9733127051719429 -0.0008789913488229661
0.004169359944912205 0.9737435769043095 -0.0008934177756221295
0.004067879314118999 0.9743901601767105 0.001845423504929888
0.00396465754009982 0.9750364677752605 -0.000869943286624375
0.003895843024087039 0.9754673395076271 -0.000885224416473207
0.003794362393293832 0.9761139227800282 0.00185711713941128
0.003691140619274653 0.9767602303785782 -0.0008595530133104212
0.003622326103261858 0.9771911021109448 -0.0008757926717528619
0.003520845472468665 0.9778376853833458 0.001870629758113029
0.003417623698449473 0.9784839929818958 -0.0008474979420436402
0.003348809182436705 0.9789148647142624 -0.0008648188251025868
0.003206540113911255 0.9797758542970145 -0.006518063720130973
0.003137725597898474 0.9802067260293811 -0.001155875178734167
0.002962788650518456 0.9812834380895361 -0.004070867294788894
0.002895134896656323 0.9817144936044702 0.001346966522205673
0.00282748114279419 0.9821455491194042 0.001379478914528054
0.00269217363506991 0.9830076601492723 0.001449451138906932
0.002624519881207777 0.9834387156642064 0.001487168453095489
0.002590112623201379 0.9836541515303897 -0.001222142050338215
0.002488631992408173 0.9843007348027908 0.001531847617931792
0.00242097823854604 0.9847317903177248 0.00157508432126785
0.002387731988085661 0.9849474084029404 0.004329595338057546
0.002353905111154587 0.9851629361604074 0.001659947504649484
0.002286251357292454 0.9855939916753415 0.001709602908507746
0.002218597603430321 0.9860250471902755 0.001762320684188801
0.002184190345423938 0.9862404830564587 -0.0009456691139646534
0.002115375829411142 0.9866713547888254 -0.0009762442667962112
0.002046561313398347 0.9871022265211921 -0.001008862575179403
0.002012734436467287 0.987317754278659 0.001713166952630685
0.001978327178460904 0.9875331901448422 -0.0009971844004059705
0.001909512662448109 0.9879640618772089 -0.001032888235284135
0.001875685785517035 0.9881795896346759 0.001690790166858358
0.001841278527510638 0.9883950255008592 -0.001021234914624136
0.00177246401149787 0.9888258972332258 -0.001060620221706499
0.001738637134566797 0.9890414249906928 0.0016648935453345
0.001704229876560399 0.9892568608568761 -0.001049144416262582
0.001635415360547604 0.9896877325892428 -0.001092987851566862
0.001635415360547604 0.9896877325892428 -0.001092987851566862
0.001566600844534837 0.9901186043216094 -0.001140655506725041
0.001532773967603764 0.9903341320790764 0.001587368170773207
0.001498366709597366 0.9905495679452597 -0.001131259464124179
0.001498366709597366 0.9905495679452597 -0.001131259464124179
0.001498366709597366 0.9905495679452597 -0.001131259464124179
0.001498366709597366 0.9905495679452597 -0.001131259464124179
0.001498366709597366 0.9905495679452597 -0.001131259464124179
0.001498366709597366 0.9905495679452597 -0.001131259464124179
0.001498366709597366 0.9905495679452597 -0.001131259464124179
0.001498366709597366 0.9905495679452597 -0.001131259464124179
0.001498366709597366 0.9905495679452597 -0.001131259464124179
0.001498366709597366 0.9905495679452597 -0.001131259464124179
0.001498366709597366 0.9905495679452597 -0.001131259464124179
0.001498366709597366 0.9905495679452597 -0.001131259464124179
0.001498366709597366 0.9905495679452597 -0.001131259464124179
0.001498366709597366 0.9905495679452597 -0.001131259464124179
0.001498366709597366 0.9905495679452597 -0.001131259464124179
0.001498366709597366 0.9905495679452597 -0.001131259464124179
0.001498366709597366 0.9905495679452597 -0.001131259464124179
0.001498366709597366 0.9905495679452597 -0.001131259464124179
0.001498366709597366 0.9905495679452597 -0.001131259464124179
0.001498366709597366 0.9905495679452597 -0.001131259464124179
0.001498366709597366 0.9905495679452597 -0.001131259464124179
0.001498366709597366 0.9905495679452597 -0.001131259464124179
0.001498366709597366 0.9905495679452597 -0.001131259464124179
0.001498366709597366 0.9905495679452597 -0.001131259464124179
0.001498366709597366 0.9905495679452597 -0.001131259464124179
0.001464539832666293 0.9907650957027268 0.001598598722859057
0.001464539832666293 0.9907650957027268 0.001598598722859057
0.001464539832666293 0.9907650957027268 0.001598598722859057
0.001464539832666293 0.9907650957027268 0.001598598722859057
0.001464539832666293 0.9907650957027268 0.001598598722859057
0.001464539832666293 0.9907650957027268 0.001598598722859057
0.001464539832666293 0.9907650957027268 0.001598598722859057
0.001464539832666293 0.9907650957027268 0.001598598722859057
0.001464539832666293 0.9907650957027268 0.001598598722859057
0.001464539832666293 0.9907650957027268 0.001598598722859057
0.001464539832666293 0.9907650957027268 0.001598598722859057
0.001464539832666293 0.9907650957027268 0.001598598722859057
0.001464539832666293 0.9907650957027268 0.001598598722859057
0.001464539832666293 0.9907650957027268 0.001598598722859057
0.001464539832666293 0.9907650957027268 0.001598598722859057
0.001464539832666293 0.9907650957027268 0.001598598722859057
0.001464539832666293 0.9907650957027268 0.001598598722859057
0.001464539832666293 0.9907650957027268 0.001598598722859057
0.001464539832666293 0.9907650957027268 0.001598598722859057
0.001464539832666293 0.9907650957027268 0.001598598722859057
0.001464539832666293 0.9907650957027268 0.001598598722859057
0.001464539832666293 0.9907650957027268 0.001598598722859057
0.001464539832666293 0.9907650957027268 0.001598598722859057
0.001464539832666293 0.9907650957027268 0.001598598722859057
0.001464539832666293 0.9907650957027268 0.00159859872285905