
0.0 0.0 0.0
0.0 0.0 0.0
0.00261765202734665 4.23061334669e-05 -0.0162028732038088
0.006107854730475515 9.87143114228e-05 -0.01625977698601107
0.007853158659709985 8.93125846769e-05 0.005296799156970271
0.01090730759266697 5.64070184959e-05 0.01071660830614478
0.01287062495276572 8.28487035855e-05 -0.0135509756185437
0.01439776589084588 7.46221926829e-05 0.005311106398768826
0.01810657709859326 6.46328217817e-05 0.002627584658141152
0.02006961671394244 0.0001069375230013338 -0.02165640238912921
0.02203310500039693 0.0001016490325242272 0.002589470205485923
0.0255237508429827 9.2247271676e-05 0.002598745902107043
0.02748679045833188 0.0001345519728957164 -0.02168562962027995
0.02923211971032621 0.0001345519728957164 -0.000138603650538934
0.03315911052731345 0.0001345519728957164 -0.0001391666131336901
0.03490403462984605 0.000172156151757653 -0.02172565713193488
0.03664936388184038 0.000172156151757653 -0.0001787055963534915
0.04057635469882762 0.000172156151757653 -0.0001794370513517381
0.04472149663689822 0.000160991560750428 0.0025248809379271
0.04646651569352304 0.0001938958140214866 -0.01905720989929128
0.04821183861481592 0.0001891949335973919 0.002494630936086555
0.05192066327530387 0.0001891949335973919 -0.0001995560115671194
0.05366558737783647 0.0002267991124593286 -0.02178693535295092
0.05562907566429096 0.0002215106219822221 0.002458850426032654
0.05955605223719995 0.000210933641028009 0.002469117782310311
0.06151909185254913 0.0002532383422476878 -0.02181711327519021
0.06326442110454346 0.0002532383422476878 -0.0002703413234042326
0.06719141192153071 0.0002532383422476878 -0.0002714794216764567
0.06893633602406331 0.0002908425211096243 -0.02185965132662654
0.07068166527605764 0.0002908425211096243 -0.0003129632772180249
0.07460865609304489 0.0002908425211096243 -0.0003142913681311497
0.0765715746442686 0.0003384343317217228 -0.02460718167161684
0.07853507005276222 0.0003384343317217228 -0.0003672785642786923
0.08246206086974947 0.0003384343317217228 -0.0003688504877459958
0.08420698497228207 0.0003760385105836595 -0.02195788986949017
0.0859523142242764 0.0003760385105836595 -0.0004113992029308352
0.08987930504126365 0.0003760385105836595 -0.0004131743089332633
0.09424262817124947 0.0003760385105836595 -0.0004151647015795675
0.09598755227378207 0.0004136426894455962 -0.02200483773031478
0.0977328815257764 0.0004136426894455962 -0.0004584481158595389
0.1012235400297651 0.0004136426894455962 -0.0004602286315494818
0.1031864585809888 0.0004612345000576947 -0.02475498768503743
0.1053681122326049 0.0004553583995275763 0.002184419702049249
0.1090769368930928 0.0004553583995275763 -0.0005111085106364038
0.1134402600230787 0.0004553583995275763 -0.0005136239995477217
0.1149671516976254 0.0004841496211397524 -0.0194009067363295
0.1164943147931204 0.0004841496211397524 -0.0005479869352110307
0.1204213056101076 0.0004841496211397524 -0.0005504334920028622
0.1247846287400935 0.0004841496211397524 -0.0005531776379323074
0.1282752872440821 0.0004841496211397524 -0.0005553927338238408
0.1300202113466147 0.0005217538000016892 -0.02214700558818161
0.1319836996330692 0.0005164653095245826 0.002098414466290403
0.1356925242935572 0.0005164653095245826 -0.0005975480515566686
0.140055847423543 0.0005164653095245826 -0.0006005799863648126
0.1418007715260756 0.0005540694883865194 -0.02219289334743487
0.1435461007780699 0.0005540694883865194 -0.0006469343085398424
0.1474730915950572 0.0005540694883865194 -0.000649914278262835
0.151836414725043 0.0005540694883865194 -0.0006532577196076136
0.1533633063995897 0.0005828607099986958 -0.01954230780086734
0.1548904694950848 0.0005828607099986958 -0.0006896864803246338
0.158817460312072 0.0005828607099986958 -0.0006929062233437336
0.1607803788632957 0.0006304525206107943 -0.02499192054486787
0.1627438742717894 0.0006304525206107943 -0.0007529982547521919
0.1664526854795367 0.0006204631497095931 0.001949044833360823
0.1686337060920075 0.0006733429392785913 -0.02505060718680951
0.1705972015005011 0.0006733429392785913 -0.000811840510505477
0.1740878600044898 0.0006733429392785913 -0.0008152716947581023
0.1784511831344756 0.0006733429392785913 -0.0008196016775674915
0.1799780748090223 0.0007021341608907677 -0.01971010344492006
0.1817233977303152 0.000697433280466673 0.001841089830850758
0.1854322223908032 0.000697433280466673 -0.0008562002195681613
0.190013695059197 0.0006850934693534245 0.001847600834088957
0.1932861874066864 0.0006850934693534245 -0.0008492395865304493
0.195031111509219 0.0007226976482153607 -0.02244507022630849
0.1967764407612133 0.0007226976482153607 -0.0008997463344848384
0.2007034315782006 0.0007226976482153607 -0.0009041668384776634
0.2050667547081864 0.0007226976482153607 -0.0009091297330793946
0.206811678810719 0.0007603018270772975 -0.02250581327978879
0.2085570080627133 0.0007603018270772975 -0.0009606523791864675
0.2122658192704607 0.0007503124561760958 0.001740915150943449
0.2166291265736929 0.0007385602551158584 0.001750611922153864
0.2199016189211823 0.0007385602551158584 -0.0009467524255433021
0.221864537472406 0.0007861520657279574 -0.02525098603515605
0.2238280328808996 0.0007861520657279574 -0.001012857756011341
0.2277550236978868 0.0007861520657279574 -0.001018008298245685
0.2319001656359574 0.0007749874747207331 0.001684442565822985
0.2336451846925823 0.0008078917279917921 -0.01990806561451079
0.2351723477880773 0.0008078917279917921 -0.00105630520180415
0.2390993386050645 0.0008078917279917921 -0.001061756764574918
0.2434626617350504 0.0008078917279917921 -0.001067880433696068
0.2449895534095971 0.0008366829496039682 -0.01996203892677722
0.2484791863895504 0.0009212906129143661 -0.02546658510134796
0.2521871501074321 0.001001199492995982 -0.02288611088993517
0.2543687800189752 0.0009894473345636197 0.004059826558394656
0.2580772683658284 0.0009395019293943051 0.01220074040013023
0.2624401958327146 0.0008807426291951115 0.01227291680376423
0.2641854681086714 0.0008948451340584449 -0.00929635606995844
0.2657125425751499 0.0008783923509679354 0.009577386593948991
0.2696394764159274 0.0008572384657896835 0.004213099612232591
0.273784618353998 0.000846073874782458 0.001528364487287966
0.2755296374106229 0.0008789781280535166 -0.02006713474145629
0.2772749603319157 0.0008742772476294217 0.001483714402721053
0.2812019369048247 0.0008637002666752092 0.001491820332313172
0.2855652442080569 0.000851948065614973 0.00150093143317512
0.2886195593203195 0.0008437215248728069 0.001507375705437484
0.2905825989356686 0.0008860262260924858 -0.02279622316870588
0.2945086781663669 0.0009706356285318429 -0.02292310314370411
0.2979985263714321 0.001045843986255716 -0.02303707673462191
0.3017070147182854 0.001095789391425031 -0.01503628556291615
0.3038884784517284 0.001066409741325434 0.01193509545968813
0.3078147713291343 0.0009923751714655522 0.01742018194835416
0.3121776987960204 0.0009336158712663583 0.01210969713747993
0.3154500012241886 0.000898359907500982 0.009461301672675827
0.3174133185842873 0.000924801592590619 -0.01482189444343693
0.3211216589563618 0.0009847352816687365 -0.01761098779133876
0.3230850902668133 0.0009688699636974864 0.006648926553345725
0.3267936996854039 0.0009289132047633933 0.009393803843660606
0.3315932854907988 0.0009030584562121964 0.004035758183731869
0.3346475673669591 0.0008866054344068883 0.004054284421726389
0.3383563785747065 0.0008766160635056877 0.001368503420073335
0.3403194181900556 0.0009189207647253662 -0.02294025215947239
0.344245497420754 0.001003530167164724 -0.02307761782427929
0.3477357001238828 0.001059938345120599 -0.01778546818672397
0.3496991314343343 0.001044073027149349 0.006474706358418612
0.3536257661545318 0.0009911896569700744 0.01193358693355751
0.3582069895539673 0.0009418313076985475 0.009306138310361719
0.3612611384869243 0.0009089257415175297 0.009350637783701345
0.3651880723277018 0.0008877718563392776 0.003988339477693496
0.3688968835354492 0.0008777824854380768 0.001302540087691162
0.3728238601083582 0.0008672055044838632 0.00131069578160535
0.3765326847688462 0.0008672055044838632 -0.001390938905752019
0.3802414959765935 0.0008572161335826616 0.001310264805983086
0.3841684725495025 0.0008466391526284479 0.001318619999403432
0.3880954491224115 0.0008360621716742344 0.00132708243408759
0.3900584887377607 0.0008783668728939134 -0.02298735749355445
0.393766223778961 0.0009682625151612098 -0.02583785948483121
0.3957297191874546 0.0009682625151612098 -0.001602365228294447
0.399438422773863 0.0009382946923266272 0.00651786711420301
0.4040198455881035 0.0009136151596186678 0.003853857493627482
0.4055468702015136 0.000934180914688386 -0.01503854173863258
0.4070740111395938 0.0009259544037857328 0.003825150497062123
0.4110009449803714 0.0009048005186074817 0.003850653554145308
0.4155824176487652 0.0008924607074942339 0.001166316314403423
0.4171093813313841 0.0009171392853499292 -0.01773388765369977
0.4205992295364493 0.0009923476430738036 -0.02325998675115344
0.424307395031777 0.001062269181274803 -0.0206990653434705
0.4280157354038515 0.001122202870352921 -0.0181224006217257
0.4317244389902598 0.001152170693187504 -0.01010771115079843
0.4356514155631688 0.001162747674141716 -0.004753742369346854
0.4395783921360778 0.001152170693187504 0.0006375123974064361
0.4415411753832826 0.001099292118435371 0.02496565695856364
0.4454667418776921 0.0009935349689311063 0.02514243547133581
0.4498290521340236 0.0008995245217762669 0.01991228522092906
0.4531012477341882 0.0008554550466268723 0.01190285525363467
0.4568098571527788 0.000815498287692777 0.00927232573491038
0.4607367909935564 0.0007943444025145241 0.003913801764934216
0.4644456022013038 0.0007843550316133213 0.001228843883521896
0.4683725787742127 0.0007737780506591088 0.001237921015602098
0.4722995553471218 0.0007632010697048962 0.001247133246108833
0.4760083800076096 0.0007632010697048962 -0.001456512854200669
0.4799353708245969 0.0007632010697048962 -0.001467510918866549
0.4836441820323443 0.0007532116988036954 0.001234703659498002
0.4856072216476935 0.000795516400023373 -0.02309378897373675
0.4893149566888938 0.0008854120422906703 -0.0259744555193477
0.4912784520973874 0.0008854120422906703 -0.001740463229653326
0.4949871556837958 0.0008554442194560869 0.006386323772481417
0.4995685784980363 0.0008307646867481273 0.003726723233585078
0.5026228603741966 0.0008143116649428211 0.003749608456627948
0.5045860068128994 0.0008513289498727633 -0.02057228294966403
0.5085122996903052 0.0009253635197326445 -0.02073664377708672
0.5122206400623797 0.0009852972088107625 -0.01818041823639171
0.515711095985759 0.001022903570160497 -0.01288581056809136
0.5196380298265366 0.001044057455338748 -0.007560295923493233
0.523346841034284 0.001054046826239951 -0.004904755447875833
0.5255278616467548 0.001001167036670951 0.02213062222067052
0.5294536987492022 0.0009059834154467565 0.02231530010598301
0.5340345897970589 0.0008319476818796705 0.01437502995245095
0.5373067853972234 0.0007878782067302758 0.01176423926403812
0.5407973299491371 0.0007596731970036093 0.006425898561101971
0.5447241925700401 0.0007279425610611089 0.006481324828700728
0.5484329634196634 0.0007079638917260919 0.003819026403820667
0.5521417746274108 0.0006979745208248912 0.001134938564160463
0.5560687512003197 0.0006873975398706767 0.001144978152569379
0.5599957277732287 0.0006768205589164642 0.001155196945141738
0.5639227043461377 0.0006662435779622516 0.001165599783210173
0.5676315290066256 0.0006662435779622516 -0.001540914972633573
0.5715585198236128 0.0006662435779622516 -0.001555038603319496
0.5752673310313603 0.0006562542070610508 0.001148311133552629
0.5789761556918482 0.0006562542070610508 -0.001558709048098351
0.5829031465088355 0.0006562542070610508 -0.001573384359149521
0.5868301373258227 0.0006562542070610508 -0.001588338633759805
0.5907571281428099 0.0006562542070610508 -0.001603579902492768
0.5944659393505572 0.0006462648361598481 0.001099796492183182
0.5981747640110452 0.0006462648361598481 -0.001608321780334022
0.6021017548280324 0.0006462648361598481 -0.001624194817939771
0.6058105660357798 0.0006362754652586454 0.001079274464625404
0.6097375426086887 0.0006256984843044329 0.001090134578277429
0.6134463672691767 0.0006256984843044329 -0.001618657502789091
0.617155178476924 0.0006157091134032301 0.001085163523035925
0.621082155049833 0.0006051321324490177 0.001096409815539738
0.625009131622742 0.0005945551514948051 0.001107891655141679
0.6287179562832299 0.0005945551514948051 -0.001601355770747581
0.6326449471002171 0.0005945551514948051 -0.001618474082945108
0.6363537583079646 0.0005845657805936043 0.001085898495029824
0.6402807348808736 0.0005739887996393897 0.001097753037071838
0.6442077114537825 0.0005634118186851773 0.001109869263206625
0.6479165361142705 0.0005634118186851773 -0.001600220957713223
0.6516253473220178 0.0005534224477839745 0.001104826536496495
0.6555523238949268 0.000542845466829762 0.001117422462361047
0.6592611485554147 0.000542845466829762 -0.00159314092086435
0.663188139372402 0.000542845466829762 -0.001611715798194705
0.6671151301893892 0.000542845466829762 -0.001630728924226553
0.6708239413971366 0.0005328560959285613 0.00107465361113908
0.6747509179700456 0.0005222791149743487 0.001087628739563642
0.6784597426305335 0.0005222791149743487 -0.001624302536569332
0.6823867334475208 0.0005222791149743487 -0.001644385481422463
0.6860955446552682 0.0005122897440731479 0.001061418201619092
0.6900225212281772 0.0005017127631189334 0.001074864898796074
0.6937313458886651 0.0005017127631189334 -0.001638144510053216
0.6974401570964125 0.0004917233922177306 0.001068200407048655
0.7013671336693215 0.0004811464112635159 0.001082247109270599
0.7052941102422304 0.0004705694303093035 0.00109666815873055
0.7090029349027184 0.0004705694303093035 -0.001617091979860188
0.7127117461104657 0.0004605800594081029 0.001090212346331599
0.7166387226833747 0.0004500030784538904 0.001105321141952918
0.7205656992562837 0.0004394260974996779 0.001120854595476968
0.7242745239167716 0.0004394260974996779 -0.001593707377745979
0.7282015147337588 0.0004394260974996779 -0.001616733493594993
0.7319103259415063 0.0004294367265984771 0.001091570847167225
0.7358373025144153 0.0004188597456442625 0.001107797901532579
0.7395461271749032 0.0004188597456442625 -0.001608190271871476
0.7434731179918904 0.0004188597456442625 -0.001632808889772432
0.7471819291996378 0.0004088703747430598 0.001076159366099406
0.7511089057725467 0.0003982933937888473 0.001093138927921659
0.7548177304330347 0.0003982933937888473 -0.001624477349592023
0.7587447212500219 0.0003982933937888473 -0.001650919449299797
0.7624535324577693 0.0003883040228876468 0.001058766311342697
0.7663805090306782 0.0003777270419334342 0.00107656345383947
0.7703074856035872 0.0003671500609792196 0.001094969141073657
0.7740163102640751 0.0003671500609792196 -0.001624673614142069
0.7792522980200581 0.0003671500609792196 -0.00166320971471558
0.7840519534630425 0.0003671500609792196 -0.001700176098398492
0.7890697568617595 0.000353635029759948 0.00101686123921333
0.7938693948953149 0.0003407076085936883 0.001040538344665976
0.7986690329288704 0.000327780187427426 0.001065344354803566
0.8034686709624259 0.0003148527662611635 0.001091361979208849
0.8082683089959813 0.0003019253450949012 0.001118682209382886
0.8126316162992135 0.0002901731440346675 0.001144733376563033
0.8169949236024457 0.000278420942974429 0.001172026798403278
0.8213582309056779 0.0002666687419141954 0.001200653500861138
0.8257215382089101 0.0002549165408539569 0.001230713625765094
0.8298666951823968 0.0002549165408539569 -0.001498333029882162
0.833793685999384 0.0002549165408539569 -0.001533734398137365
0.8377206768163711 0.0002549165408539569 -0.001570849114837175
0.8416476676333583 0.0002549165408539569 -0.001609804647908538
0.8453564788411058 0.000244927169952758 0.001109592808940691
0.8488471246836915 0.0002355254091045711 0.00113521722442091
0.8527741012566005 0.0002249484281503607 0.001165497097005718
0.8560465936040899 0.0002249484281503607 -0.00156264621091287
0.8595372521080785 0.0002249484281503607 -0.001601479674968459
0.8628097325855026 0.0002161342773551854 0.001117976164723501
0.866082224932992 0.0002161342773551854 -0.001613931306629551
0.8693547054104162 0.0002073201265600067 0.001106517494789799
0.8724090205226788 0.0001990935858178396 0.001133005735378559
0.8754633356349413 0.000190867045075676 0.001160793249243517
0.878299495669432 0.000190867045075676 -0.001568332766044886
0.881135645416533 0.0001832281143865208 0.001151921398048844
0.8839718054510238 0.0001832281143865208 -0.001579167570340407
0.8868079551981247 0.000175589183697369 0.0011421603700103
0.889425939580064 0.0001685378630612261 0.001169202559851102
0.8920439239620034 0.000161486542425083 0.001197556323109201
0.8946619083439428 0.0001544352217889398 0.00122731945014914
0.8970617360654349 0.0001544352217889398 -0.00150026919065878
0.8994615550822126 0.0001479715112058087 0.001221620070394926
0.9018613828037048 0.0001479715112058087 -0.00150777953980188
0.9042612018204825 0.0001415078006226799 0.00121534923988653
0.9064428554720987 0.0001356317000925606 0.001243689964686496
0.9086245091237147 0.0001297555995624414 0.001273384001172325
0.9110243368452069 0.0001297555995624414 -0.001458325827280771
0.9129878251316614 0.0001244671090853362 0.001262954068395857
0.914951320540155 0.0001244671090853362 -0.001463479750840724
0.9171329821051479 0.0001244671090853362 -0.001502009106236795
0.9190964703916025 0.0001191786186082286 0.001220314988992462
0.921059965800096 0.0001191786186082286 -0.00150973494334303
0.9228052950520904 0.0001191786186082286 -0.001543869155273693
0.9245506243040846 0.0001191786186082286 -0.001579582579562111
0.9265141125905392 0.000113890128131121 0.0011435874490651
0.928259435511832 0.0001091892477070276 0.001171409001553027
0.9300047584331248 0.0001044883672829323 0.00120061801070116
0.9315319215286199 0.0001044883672829323 -0.001526087608998189
0.9332772507806141 0.0001044883672829323 -0.001566006843099153
0.9348044083367454 0.0001003750969118487 0.001153811108350115
0.9363315714322404 0.0001003750969118487 -0.001576527268084042
0.9378587289883717 9.62618265408e-05 0.00114433015306425
0.9391677211793414 9.27361662227e-05 0.001168953965113906
0.9406948842748365 9.27361662227e-05 -0.001563711485978474
0.9420038812138321 9.27361662227e-05 -0.001599005056323244
0.9435310387699634 8.86228958516e-05 0.001124001630190364
0.9448400309609331 8.50972355335e-05 0.001150675188179277
0.9461490231519027 8.15715752155e-05 0.001178645493028765
0.9474580153428724 7.80459148974e-05 0.00120800946345224
0.9485488461253688 7.80459148974e-05 -0.001516892220285841
0.9498578430643646 7.80459148974e-05 -0.001556491715567027
0.9511668400033604 7.80459148974e-05 -0.001598214173568925
0.9522576668291685 7.51078646323e-05 0.00112021846922024
0.9533484976116648 7.51078646323e-05 -0.001609976011347918
0.9544393244374729 7.21698143673e-05 0.001109373257632569
0.9555301552199694 7.21698143673e-05 -0.001622891902692556
0.9566209820457775 6.92317641022e-05 0.001097437171696196
0.9574936435064239 6.68813238902e-05 0.001119967760068141
0.9585844742889202 6.68813238902e-05 -0.001614883901701791
0.9596753011147283 6.39432736251e-05 0.001107700783742518
0.9605479625753748 6.15928334131e-05 0.001132202684726156
0.9614206240360211 5.9242393201e-05 0.001157813048601436
0.9625114548185175 5.9242393201e-05 -0.001580278551735233
0.9633841194445146 5.9242393201e-05 -0.001617941194057364
0.964256784070512 5.9242393201e-05 -0.001657442885645267
0.9649112801659967 5.7479563042e-05 0.00105528996952168
0.9657839416266432 5.51291228299e-05 0.001082204608558432
0.9666566030872896 5.27786826179e-05 0.001110528066878211
0.967529264547936 5.04282424058e-05 0.001140373932051208
0.9681837630174339 5.04282424058e-05 -0.001584983170867441
0.969056427643431 5.04282424058e-05 -0.001629682480781524
0.9697109237389159 4.86654122468e-05 0.001086712259958096
0.9705835851995623 4.63149720348e-05 0.001118950518510518
0.9710199159298856 4.51397519287e-05 0.001135797728909714
0.971892577390532 4.27893117167e-05 0.00117106133712697
0.9725470758600299 4.27893117167e-05 -0.00155864187174515
0.9732015719555147 4.10264815576e-05 0.00116248187473073
0.9738560704250125 4.10264815576e-05 -0.001569253304607515
0.9745105665204974 3.92636513986e-05 0.001153021226308121
0.9749468972508206 3.80884312926e-05 0.001173102560377551
0.9756013957203186 3.80884312926e-05 -0.001561089311317869
0.976037728033317 3.80884312926e-05 -0.001589515354303041
0.976692224128802 3.63256011336e-05 0.001134892047974572
0.9773467225982998 3.63256011336e-05 -0.001603545895545793
0.9777830549112985 3.63256011336e-05 -0.001635038868671824
0.9784375510067833 3.45627709745e-05 0.001090495802898348
0.9788738817371065 3.33875508685e-05 0.001113018533369726
0.9793102124674298 3.22123307625e-05 0.001136491237547284
0.979746543197753 3.10371106564e-05 0.001160975312845697
0.9804010416672508 3.10371106564e-05 -0.001583608893103747
0.9808373739802495 3.10371106564e-05 -0.001619667548922183
0.9812737062932479 3.10371106564e-05 -0.001657406570828282
0.9817100386062466 3.10371106564e-05 -0.001696946220743846
0.9823645347017315 2.92742804974e-05 0.001033444427087127
0.9828008654320547 2.80990603914e-05 0.001059662287844138
0.983019031588554 2.80990603914e-05 -0.001654736883317262
0.9832371969537155 2.75114503384e-05 0.001052190650664812
0.9836735276840387 2.63362302324e-05 0.00108031087709745
0.9841098584143619 2.51610101263e-05 0.001109975424683299
0.9845461891446852 2.39857900203e-05 0.001141315103045443
0.9849825198750084 2.28105699143e-05 0.001174475924444726
0.9854188506053316 2.16353498083e-05 0.001209621378412036
0.9856370167618309 2.16353498083e-05 -0.001506325885495551
0.9860733490748294 2.16353498083e-05 -0.001553520119044325
0.986291514439991 2.10477397552e-05 0.001158030166950289
0.9867278451703142 1.98725196492e-05 0.001196101249493515
0.9869460113268135 1.98725196492e-05 -0.001522331970346638
0.9873823436398119 1.98725196492e-05 -0.001574975783960851
0.9876005090049735 1.92849095962e-05 0.001138112105586907
0.9880368397352968 1.81096894902e-05 0.001179622408921856
0.988255005891796 1.81096894902e-05 -0.001541905851256668
0.9884731712569576 1.75220794372e-05 0.001173297751872856
0.9886913374134568 1.75220794372e-05 -0.001549437458319961
0.9889095027786184 1.69344693842e-05 0.001166475435177017
0.9893458335089417 1.57592492781e-05 0.00121424737989845
0.989563999665441 1.57592492781e-05 -0.001510084016293372
0.9897821650306025 1.51716392251e-05 0.001208591066251743
0.9900003311871017 1.51716392251e-05 -0.001517213006512707
0.9902184965522633 1.45840291721e-05 0.001202430121100582
0.9904366627087626 1.45840291721e-05 -0.001524992523261407
0.9904366627087626 1.45840291721e-05 -0.001524992523261407
0.9904366627087626 1.45840291721e-05 -0.001524992523261407
0.9904366627087626 1.45840291721e-05 -0.001524992523261407
0.9904366627087626 1.45840291721e-05 -0.001524992523261407
0.9904366627087626 1.45840291721e-05 -0.001524992523261407
0.9904366627087626 1.45840291721e-05 -0.001524992523261407
0.9904366627087626 1.45840291721e-05 -0.001524992523261407
0.9904366627087626 1.45840291721e-05 -0.001524992523261407
0.9904366627087626 1.45840291721e-05 -0.001524992523261407
0.9904366627087626 1.45840291721e-05 -0.001524992523261407
0.9904366627087626 1.45840291721e-05 -0.001524992523261407
0.9904366627087626 1.45840291721e-05 -0.001524992523261407
0.9904366627087626 1.45840291721e-05 -0.001524992523261407
0.9904366627087626 1.45840291721e-05 -0.001524992523261407
0.9904366627087626 1.45840291721e-05 -0.001524992523261407
0.9904366627087626 1.45840291721e-05 -0.001524992523261407
0.9904366627087626 1.45840291721e-05 -0.001524992523261407
0.9904366627087626 1.45840291721e-05 -0.001524992523261407
0.9904366627087626 1.45840291721e-05 -0.001524992523261407
0.9904366627087626 1.45840291721e-05 -0.001524992523261407
0.9904366627087626 1.45840291721e-05 -0.001524992523261407
0.9904366627087626 1.45840291721e-05 -0.001524992523261407
0.9904366627087626 1.45840291721e-05 -0.001524992523261407
0.9904366627087626 1.45840291721e-05 -0.001524992523261407
0.9904366627087626 1.45840291721e-05 -0.001524992523261407
0.9904366627087626 1.45840291721e-05 -0.001524992523261407
0.9904366627087626 1.45840291721e-05 -0.001524992523261407
0.9904366627087626 1.45840291721e-05 -0.001524992523261407
0.9904366627087626 1.45840291721e-05 -0.001524992523261407
0.9904366627087626 1.45840291721e-05 -0.001524992523261407
0.9904366627087626 1.45840291721e-05 -0.001524992523261407
0.9904366627087626 1.45840291721e-05 -0.001524992523261407
0.9904366627087626 1.45840291721e-05 -0.001524992523261407
0.9904366627087626 1.45840291721e-05 -0.001524992523261407
0.9904366627087626 1.45840291721e-05 -0.001524992523261407
0.9904366627087626 1.45840291721e-05 -0.001524992523261407
0.9904366627087626 1.45840291721e-05 -0.001524992523261407
0.9904366627087626 1.45840291721e-05 -0.001524992523261407
0.9904366627087626 1.45840291721e-05 -0.001524992523261407
0.9904366627087626 1.45840291721e-05 -0.001524992523261407
0.9904366627087626 1.45840291721e-05 -0.001524992523261407
0.9904366627087626 1.45840291721e-05 -0.001524992523261407
0.9904366627087626 1.45840291721e-05 -0.001524992523261407
0.9904366627087626 1.45840291721e-05 -0.001524992523261407
0.9904366627087626 1.45840291721e-05 -0.001524992523261407
0.9904366627087626 1.45840291721e-05 -0.001524992523261407
0.9904366627087626 1.45840291721e-05 -0.001524992523261407
0.9904366627087626 1.45840291721e-05 -0.001524992523261407