
0.0 0.0 0.0
0.0 0.0 0.0
0.0 0.0 0.0
0.0008726646259971648 0.0 0.0
0.002399556300543878 2.87912216122e-05 -0.01888272585041821
0.004363023220932657 1.82142790231e-05 0.005368524582405601
0.008289957061710216 -2.9396061552e-06 0.005389782858067271
0.01025310350041313 3.40776787747e-05 -0.01888829607677695
0.01287085998054481 -1.17790134478e-06 0.01346823995710941
0.01657963083016806 -2.11565706798e-05 0.005408331931455112
0.01985201634758718 -4.75987672985e-05 0.00812879085599744
0.02159718733434163 -2.40950472189e-05 -0.01344241977808124
0.02508722544759126 4.17134593233e-05 -0.01889665223945741
0.02683254836888415 3.70125788992e-05 0.002655376235513858
0.03054115778747477 -2.94418003494e-06 0.01077667428942681
0.03250447514757353 2.34975050547e-05 -0.01349133363675092
0.0342497474235304 9.39500019137e-06 0.008070499830313152
0.03817672399643938 -1.18198076285e-06 0.002694638235483138
0.04035774460891017 5.16978088062e-05 -0.02429455601501767
0.04188488554699033 5.99243197088e-05 -0.005449362645504396
0.04581181938776789 8.10782048871e-05 -0.005471789554068859
0.04755651560750547 0.0001280813824445088 -0.02706857001618197
0.04973817717249839 0.0001280813824445088 -0.0001347853597735631
0.05322883567648704 0.0001280813824445088 -0.0001352823010348795
0.05737397761455763 0.0001169167914372836 0.002569376278600358
0.05911899667118245 0.0001498210447083423 -0.01901310022436601
0.06086431959247533 0.0001451201642842476 0.002538884102988208
0.06457314425296329 0.0001451201642842476 -0.0001551379054689577
0.06871828619103389 0.0001562847552914725 -0.002861226178920922
0.07046310268101053 0.0001985885869466712 -0.02445432655261494
0.07220842560230341 0.000203289467370766 -0.002912520473643564
0.07591725026279135 0.000203289467370766 -0.0002199905410517866
0.07788016881401506 0.0002508812779828644 -0.02451275419572086
0.08202436355753 0.0003401912027799642 -0.02191786318663301
0.0839878518439845 0.0003349027123028577 0.002327799889824855
0.08769619221605891 0.0002749690232247406 0.01585905532753626
0.08944149614529338 0.0002843707499706305 -0.005699122325077514
0.0935862772388352 0.0003401920851598648 -0.01384236324515606
0.09445893869948165 0.0003425425253719122 -0.003071683195507586
0.09838591527239063 0.0003319655444176989 0.002325219073795119
0.1029673380866311 0.0003072860117097376 0.005044260361179958
0.1044943627000413 0.0003278517667794555 -0.0138331546687558
0.1079844008132909 0.0003936602733215728 -0.01929518080653072
0.1112564658474742 0.0004465429401552054 -0.01666289896390219
0.1149651694338825 0.0004765107629897889 -0.008618637017198796
0.1173644400748649 0.0004248050170546258 0.02106598322542374
0.1212893799218969 0.0002979031893194835 0.03198188899731642
0.1260884086386991 0.0002203419446301557 0.01590832304991905
0.1280518399491505 0.0002362072626014058 -0.008351124004796861
0.1313226231550105 0.0003419587857140243 -0.03271456658502837
0.1345936793288004 0.0004389003778593857 -0.03013466374051659
0.1376474626778938 0.0004964828210837385 -0.01942959600257816
0.1413562873383818 0.0004964828210837385 -0.0005782174357442723
0.1457190407172929 0.0004259725986388949 0.01566182317070511
0.1500807812666368 0.0003084646547452673 0.0265711593250033
0.1520417061785052 0.0002080270662162994 0.05092945045316994
0.1553111602577145 6.70441299512e-05 0.04301517803901976
0.1596742301619388 2.0036178264e-05 0.01074979401177875
0.1618556068513943 5.52912894865e-05 -0.01622642472908364
0.1627282588160116 5.99921528594e-05 -0.005458470628780999
0.1666547368570316 0.0001234513530597597 -0.0163085955388414
0.1710178067612558 0.0001704593047469288 -0.0109792621636065
0.172326328926059 0.0002057116879150169 -0.02718263541203784
0.1742898172125135 0.0002110001783921234 -0.002948947151913698
0.1782166798334164 0.0001792695424496238 0.007862081050542539
0.1821435424543194 0.0001475389065071241 0.007899830953034724
0.1841067814748294 0.000179268506607304 -0.01638017658331604
0.1858520854040638 0.0001698667798614142 0.005178175047596636
0.1893427439080525 0.0001698667798614142 -0.0002095420427051412
0.1939242165764463 0.0001822065909746627 -0.002919450850256504
0.1954510251661624 0.0002151102474788574 -0.0218146422089248
0.1969781827222936 0.0002192235178499404 -0.002966407541647283
0.2009051592952026 0.000229800498804154 -0.002980985332688326
0.2054866485816877 0.000229800498804154 -0.0002892342740192223
0.2085409747726778 0.000229800498804154 -0.0002903504603797994
0.2105038933239015 0.000277392309416253 -0.02459203765387463
0.2126855469755176 0.0002715162088861349 0.002348545610552354
0.2161761928181034 0.000262114448037946 0.002359004546142125
0.2207576821045885 0.000262114448037946 -0.0003363708979001405
0.2222845737791352 0.0002909056696501229 -0.01922791692062652
0.2257742067590885 0.0003755133329605198 -0.02472570187171743
0.2290462717932718 0.0004283959997941528 -0.01671612616351579
0.2327550830010192 0.0004383853706953535 -0.003264785328149522
0.2368999994100322 0.0003937278165925433 0.01025767905455665
0.2410444196695161 0.0003155802150737792 0.0184380568561087
0.2451890353794817 0.0002485955037511788 0.01583110801951382
0.2491157982932835 0.0002062883472327272 0.01049891012098821
0.2528246095010309 0.0002162777181339289 -0.002982869772541305
0.2543515731836498 0.000191599140278234 0.01590349963612475
0.2582783360974517 0.0001492919837597824 0.01057235972379156
0.2624234780355222 0.0001604565747670078 -0.002910955000805161
0.264386261282727 0.0002133351495191408 -0.02722410312740585
0.267438992274863 0.0003120365710909178 -0.03274686506481728
0.2694024235853145 0.0003279018890621674 -0.008529041260734798
0.2733292862062175 0.0002961712531196673 0.007672655192041293
0.2779101772540741 0.0002221355195525822 0.01585282739363834
0.2796554811833086 0.0002315372462984719 -0.005708244375000773
0.283581560414007 0.0003161466487378298 -0.02198856239193445
0.2868534711451785 0.0003778421236210644 -0.0193836892948184
0.2899075203719987 0.0004189736337605002 -0.01405707348577341
0.2940526773454852 0.0004189736337605002 -0.0005934912862805499
0.2977611656923385 0.0003690282285911853 0.0129415442948955
0.2999410469886469 0.0002809105903355911 0.03999987306480558
0.3036464282784175 0.0001211299292351492 0.04292060054602986
0.3084454569952196 4.35686845458e-05 0.01609745495496024
0.3106269919473318 6.70726603894e-05 -0.0108709325224278
0.3138980481211217 0.0001640142525347665 -0.02986655503415016
0.3171688313269816 0.0002697657756473857 -0.03271598156404019
0.3206586795320469 0.0003449741333712591 -0.02205508145954841
0.3232765214745814 0.0003167693623589581 0.01030554462990315
0.3267653568941654 0.0002039677377054972 0.0320179452947734
0.3363646677801342 0.0002039677377054972 -0.0003073491138585444
0.3439772020590469 0.0007997863832925127 -0.07932801443244539
0.3492116515289768 0.000926697878258108 -0.02566464509302586
0.3509559110010827 0.0009877969112771984 -0.03653624598740057
0.3551008274100957 0.001032454465380009 -0.01237459085147216
0.3572822040995513 0.000997199354157587 0.01460892197281832
0.3609880023032757 0.0008473993691230779 0.0390750321704777
0.3657855513581675 0.0007052183673098806 0.02851554749887967
0.3681853790796598 0.0007052183673098806 -0.001116178782656161
0.3690579930605046 0.000695816776972447 0.009670815724255136
0.3729847559743064 0.0007381239334908997 -0.01195083934718974
0.3773475093532175 0.0008086341559357441 -0.01745914786504023
0.3786558226355615 0.000850934765180791 -0.0336904175174758
0.3821452150750367 0.0009449411202956939 -0.02846348251132073
0.3856358229335056 0.0009637445737874735 -0.006955503539284773
0.3884707382841235 0.0008797285272614934 0.02818893229234544
0.3923925881078603 0.0006788533502035578 0.05005752138270921
0.3967532367881251 0.0005261057676558323 0.0341421979867788
0.3989348271330712 0.0005084776365766655 0.007234267317002832
0.4028614618532687 0.0005613610067559391 -0.01440713146094692
0.4056961406316807 0.0006530123267868746 -0.03341969690212246
0.4087488716238167 0.0007517137483586522 -0.0335923064227437
0.4111486906405944 0.000758177458941782 -0.003980961949000259
0.4148570310126689 0.000698243769863664 0.01496716913881947
0.419437706036309 0.0006118701050271358 0.01779993906255853
0.4229282505882228 0.0005836650953004689 0.007068802841520264
0.4268552271611317 0.0005942420762546814 -0.00373021869637192
0.4290359312769916 0.0006588698043515885 -0.0307814624107253
0.4325250578623675 0.0007622741693066419 -0.03097077563381308
0.435360559528983 0.0008233809599572882 -0.02300551570537866
0.4395057014670536 0.0008345455509645125 -0.004182353895100927
0.4436498962105686 0.0007452356261674139 0.02020776713726064
0.4477932340307024 0.0006224429427832915 0.02850031140411245
0.4521552752556439 0.0005166833636452944 0.02329756424959748
0.4565184559455361 0.000481427101486961 0.007194407734745886
0.4600090004974499 0.0005096321112136281 -0.009024006637710514
0.4634990386106995 0.0005754406177557452 -0.01992644574166483
0.4669890767239491 0.0006412491242978614 -0.02005693418224036
0.470479418697458 0.0006882565644572155 -0.01476681898430165
0.4741881895470813 0.0006682778951221985 0.004115874356303735
0.4781146675881013 0.0006048186949218392 0.01500154547447731
0.4822590878475853 0.000526671093403075 0.01783661736811366
0.4866220153144714 0.0004679117932038801 0.01255560974928435
0.4903307861640946 0.0004479331238688633 0.004507948626853062
0.494039489750503 0.0004779009467034471 -0.00902476972659234
0.4975298317240118 0.0005249083868628006 -0.01451170213985614
0.5010201736975207 0.0005719158270221567 -0.01461321643508421
0.504728944547144 0.0005918944963571735 -0.006581910150726825
0.5086558783879216 0.0005707406111789202 0.004225228808726685
0.5108364005251615 0.0005002395957705073 0.03129826970662128
0.5147605998319111 0.0003521967722094031 0.03698191023995547
0.5191233532108223 0.0002816865497645591 0.01557467895792169
0.5221776350869826 0.0002981395715698654 -0.006010773426139127
0.5258861234338358 0.000348084976739179 -0.01420122667280966
0.5276303829059418 0.0004091840097582701 -0.03588055813277451
0.5311195094913176 0.0005125883747133221 -0.03072071983539049
0.5341735587181379 0.0005537198848527574 -0.0146557289511891
0.53853673940803 0.000518463622694424 0.00695670758074951
0.5428981476397499 0.0003892081665006099 0.02877603370096754
0.547476380164291 0.0002164915390126541 0.03722932142137026
0.5492186462513611 0.0001131325543407612 0.05900403556740534
0.5533604207143472 -5.42909583449e-05 0.04052269438499495
0.5575053371233603 -9.89485124477e-05 0.01099725250885976
0.5609957930467396 -6.13421510979e-05 -0.01063390714646335
0.5642677037779111 3.53323785291264e-07 -0.01885467625001215
0.5660116088149579 7.08474343898e-05 -0.04056438739400103
0.568193072548401 0.0001002270844893657 -0.01369915757000382
0.57212004912131 0.0001108040654435782 -0.002952369972588778
0.5767012725207454 6.1445716172e-05 0.01062847813177089
0.57997346812091 1.73762410227e-05 0.01342567730842703
0.5834641139634957 7.97448017447e-06 0.002674264578047356
0.5873910905364047 1.85514611287e-05 -0.002738370707734608
0.591099861386028 3.85301304637e-05 -0.005481047383539001
0.5950267952268056 5.96840156419e-05 -0.005534196368447459
0.5987356064345529 6.96733865431e-05 -0.00286704394790118
0.6028807634080394 6.96733865431e-05 -0.0001754470179440097
0.6065895746157869 5.96840156419e-05 0.002541700052368503
0.6102983454654102 3.97053463069e-05 0.00528493215706854
0.6140071566731575 2.97159754057e-05 0.002616423520042926
0.6179341332460665 4.02929563599e-05 -0.002798870098273997
0.6218611098189755 5.08699373142e-05 -0.002827936462541724
0.6255699344794634 5.08699373142e-05 -0.0001358596482642289
0.6294969252964506 5.08699373142e-05 -0.000137299635192515
0.6329875838004393 5.08699373142e-05 -0.0001386054932831833
0.6369145746174265 5.08699373142e-05 -0.0001401045963982389
0.6408415654344137 5.08699373142e-05 -0.0001416364815029856
0.6445503766421611 4.0880566413e-05 0.002578398481288092
0.648259201302649 4.0880566413e-05 -0.0001162235554711901
0.6521861921196362 4.0880566413e-05 -0.0001175357771844523
0.6561131829366235 4.0880566413e-05 -0.0001188779685405744
0.6598219941443708 5.08699373142e-05 -0.002842948510341117
0.6635308188048588 5.08699373142e-05 -0.000151187507711326
0.667457809621846 5.08699373142e-05 -0.0001529728810034856
0.6692027337243786 8.84741161761e-05 -0.02181473192644095
0.6731288129550769 0.0001730835186154471 -0.02207679065160989
0.6764010085552414 0.0002171529937648436 -0.01413810243903811
0.6801098332157294 0.0002171529937648436 -0.0006788359973417443
0.6868674652342857 -5.60116848275e-05 0.0405800154184382
0.6910087737346174 -0.0002345900707632898 0.04385376201066466
0.6940619921191582 -0.0003168456314888285 0.02796974607638877
0.6979889829361454 -0.0003168456314888285 0.001049119063018691
0.7019150621668437 -0.0002322362290494716 -0.0207681807310583
0.7060590013305382 -0.0001317646288683752 -0.02379241511497868
0.7097676107491289 -9.18078699343e-05 -0.01045731199158543
0.7134763143355372 -0.0001217756927688646 0.008505238904256167
0.7150033888020156 -0.0001053229096783544 -0.01040407891151997
0.7193664587062399 -5.83149579912e-05 -0.01056583982643704
0.7224206076391969 -2.54093918102e-05 -0.01068209817158568
0.7263475414799745 -4.25550663191e-06 -0.00537126790830315
0.7302744753207521 -2.54093918102e-05 0.005481023303363547
0.734201238234554 -6.77165483286e-05 0.01102840358193198
0.7381280011483559 -0.0001100237048470712 0.01119378040060483
0.742491260971442 -0.0001335280217117969 0.00590535645851971
0.7479444455233946 -0.0002363538131838541 0.01979157033759681
0.7518710802435921 -0.0002892371833631299 0.01463271917388652
0.755798056816501 -0.0002998141643173445 0.003921139183782279
0.7592886013684148 -0.0002716091545906795 -0.006951868327740899
0.7629972107870054 -0.0002316523956565864 -0.009796212903807177
0.766924144627783 -0.0002104985104783332 -0.004483685864524805
0.7708511354447702 -0.0002104985104783332 0.0009186100558585269
0.7758689388434873 -0.0002240135416976074 0.003692884673031898
0.7804504281299725 -0.0002240135416976074 0.001020332046430645
0.7854682315286895 -0.0002104985104783332 -0.001712209937536785
0.7904859803252386 -0.0001834685460839014 -0.00451113265343615
0.7952855661306335 -0.000157613797532703 -0.004616898535064222
0.8000852215736178 -0.000157613797532703 0.0007884047698559959
0.8046666942420116 -0.0001699536086459485 0.003563478911607259
0.8094663322755671 -0.000182881029812211 0.003653244815477351
0.8140478215620521 -0.000182881029812211 0.0009834838848630019
0.8181929635001228 -0.0001717164388049843 -0.001748911309886635
0.822556270803355 -0.0001599642377447506 -0.00179191682051475
0.8267014277768415 -0.0001599642377447506 0.000923055454301401
0.8308465697149122 -0.0001487996467375239 -0.001813736913670081
0.8347735462878212 -0.0001382226657833091 -0.001856844549579384
0.8387005228607302 -0.000127645684829099 -0.001902051174876341
0.8424093475212182 -0.000127645684829099 0.0008099824127029687
0.8463363383382053 -0.000127645684829099 0.0008306821150086653
0.8498269968421941 -0.000127645684829099 0.0008499906867701237
0.8533176553461828 -0.000127645684829099 0.0008702182454826851
0.8568083138501714 -0.000127645684829099 0.000891431998951935
0.8602989723541601 -0.000127645684829099 0.0009137058721620159
0.8637896308581489 -0.000127645684829099 0.00093712136797874
0.867062111335573 -0.0001188315340339203 -0.001799521949096175
0.8701164264478355 -0.0001106049932917567 -0.001841839248445382
0.873170741560098 -0.0001023784525495898 -0.001886194730089225
0.8760069015945888 -0.0001023784525495898 0.0008256784498562985
0.8790612277855788 -0.0001023784525495898 0.0008465310687359053
0.8818973775326798 -0.000110017383238745 0.003624949631467379
0.8847335375671707 -0.000110017383238745 0.0009544610592555708
0.8873515314451622 -0.000110017383238745 0.0009766430886348806
0.8901876811922631 -0.0001023784525495932 -0.001761105714557064
0.8925874740949605 -8.9451078274e-05 -0.004554038173727634
0.8954236238420615 -8.18121475848e-05 -0.001911089910384339
0.8976052774936777 -8.7688248115e-05 0.003549783814006086
0.900223261875617 -9.47395687511e-05 0.003642924647977247
0.9026230895971092 -9.47395687511e-05 0.0009729158428494802
0.9050229086138869 -8.8275858168e-05 -0.001763965918350876
0.9069863755342757 -7.76989155788e-05 -0.004551469041216699
0.9091680370992687 -7.76989155788e-05 0.0008554136027221557
0.9113496986642616 -7.76989155788e-05 0.0008764651051631604
0.9135313602292545 -7.76989155788e-05 0.0008985788937161472
0.915276689481249 -7.76989155788e-05 0.000917089916814052
0.9174583510462418 -7.76989155788e-05 0.0009413295422856166
0.9192036802982363 -7.76989155788e-05 0.0009616637479743558
0.9211671685846907 -7.24104251017e-05 -0.001774878272713527
0.9233488222363068 -6.65343245716e-05 -0.001825395177123516
0.9248759853318018 -6.65343245716e-05 0.0008856596318651233
0.9266213145837963 -6.65343245716e-05 0.0009067252426299277
0.9283666438357905 -6.65343245716e-05 0.0009288173694669053
0.9301119730877849 -6.65343245716e-05 0.0009520129185294838
0.9318573023397791 -6.65343245716e-05 0.0009763966751047627
0.9333844598959105 -6.24210542005e-05 -0.001756375190502668
0.9351297828172034 -5.77201737764e-05 -0.001803630315306959
0.9364387750081731 -5.41945134584e-05 -0.001840774728814058
0.9379659381036681 -5.41945134584e-05 0.0008736248766279775
0.9394930956597993 -5.83077838295e-05 0.00365706408958636
0.9410202587552943 -5.83077838295e-05 0.0009886066571903284
0.94232925569429 -5.83077838295e-05 0.001011045802576997
0.9438564132504214 -5.41945134584e-05 -0.001728125506318994
0.945165405441391 -5.06688531403e-05 -0.001769378823228814
0.9464743976323607 -4.71431928222e-05 -0.001812649879600864
0.9475652284148571 -4.71431928222e-05 0.0008990823969348832
0.9488742253538529 -4.71431928222e-05 0.0009221020079792972
0.9501832222928487 -4.71431928222e-05 0.0009463313549992303
0.9512740491186568 -4.42051425572e-05 -0.001786189888056558
0.9523648799011531 -4.42051425572e-05 0.0009279945085894081
0.9536738768401489 -4.42051425572e-05 0.0009542160259764154
0.954764703665957 -4.12670922921e-05 -0.001781133214694354
0.9556373651266035 -3.89166520801e-05 -0.001816170144657009
0.9567281959091 -3.89166520801e-05 0.0008993533411711772
0.957819022734908 -4.18547023451e-05 0.003685673893861168
0.9589098535174044 -4.18547023451e-05 0.001018606441017908
0.9595643496128893 -4.00918721861e-05 -0.001701911523470884
0.960873341803859 -3.6566211868e-05 -0.001758849555754406
0.9617460032645053 -3.4215771656e-05 -0.001798973059592221
0.9626186647251518 -3.18653314439e-05 -0.001840969920432635
0.9632731631946496 -3.18653314439e-05 0.0008676304909380541
0.9643639900204577 -3.4803381709e-05 0.0036700442282965
0.9652366514811042 -3.7153821921e-05 0.003762173119673812
0.965891149950602 -3.7153821921e-05 0.001089271762979937
0.9667638019152193 -3.24529585481e-05 -0.004410384847679119
0.9676364538798365 -2.77520951751e-05 -0.00452930793929405
0.9682909499753214 -2.59892650161e-05 -0.001873792883744836
0.9689454484448192 -2.59892650161e-05 0.0008368904926034777
0.9700362752706273 -2.89273152812e-05 0.003658820234020973
0.9704726060009505 -3.01025353872e-05 0.003712887216864034
0.9711271044704484 -3.01025353872e-05 0.001042587656278865
0.9717816005659333 -2.83397052281e-05 -0.001689110858061686
0.9726542620265797 -2.59892650161e-05 -0.001743014173113318
0.9730905927569029 -2.48140449101e-05 -0.001771276880295876
0.9739632542175494 -2.2463604698e-05 -0.001830644103318789
0.9743995849478726 -2.1288384592e-05 -0.00186184549017257
0.9750540834173704 -2.1288384592e-05 0.0008533813281089703
0.9757085795128553 -2.3051214751e-05 0.00364235375565657
0.9763630779823531 -2.3051214751e-05 0.0009752203534019243
0.9767994102953518 -2.3051214751e-05 0.0009935612611308338
0.9774539063908365 -2.1288384592e-05 -0.001749193519474589
0.9778902371211597 -2.0113164486e-05 -0.001783713516525607
0.978326567851483 -1.893794438e-05 -0.00181962343284076
0.9789810663209808 -1.893794438e-05 0.0009009942913664921
0.9796355624164657 -2.0700774539e-05 0.003709924886464985
0.9798537285729649 -2.0700774539e-05 0.001027523496277733
0.9805082246684499 -1.893794438e-05 -0.001721823216693966
0.9809445553987731 -1.77627242739e-05 -0.001761249555201676
0.9813808861290964 -1.65875041679e-05 -0.0018025237745593
0.9818172168594196 -1.54122840619e-05 -0.001845778905168887
0.9822535475897428 -1.65875041679e-05 0.003628103156259124
0.982689878320066 -1.77627242739e-05 0.003719555681377416
0.9829080444765653 -1.77627242739e-05 0.001039244330751135
0.9835625405720501 -1.59998941149e-05 -0.00172002965561791
0.9839988713023733 -1.48246740089e-05 -0.001766932836034566
0.9842170374588726 -1.48246740089e-05 0.0009392830788604229
0.984653369771871 -1.48246740089e-05 0.0009659885706090779
0.9850897020848697 -1.48246740089e-05 0.0009942570704013476
0.9853078674500313 -1.42370639559e-05 -0.001724383267129952
0.9857441981803545 -1.30618438498e-05 -0.001777162020692281
0.9861805289106778 -1.18866237438e-05 -0.001833273612478328
0.986398695067177 -1.18866237438e-05 0.0008739323746033064
0.9868350273801757 -1.18866237438e-05 0.0009028974732410085
0.9870531927453372 -1.24742337968e-05 0.003656907883299117
0.9872713589018365 -1.24742337968e-05 0.00098001269005083
0.9877076848841452 -1.01238021104e-05 -0.004563230955612826
0.98836218097963 -8.36097195132e-06 -0.001974978291703676
0.9885803471361293 -8.36097195132e-06 0.0007321562710364324
0.9887985125012909 -7.7733618983e-06 -0.001999451447621876
0.9890166786577902 -7.7733618983e-06 0.0007077422537516584
0.9894530109707889 -7.7733618983e-06 0.0007370217669967658
0.9894530109707889 -7.7733618983e-06 0.0007370217669967658
0.9898893432837873 -7.7733618983e-06 0.0007688284336897127
0.9901075086489489 -7.18575184529e-06 -0.001967025021687643
0.9903256748054482 -7.18575184529e-06 0.0007427650383180661
0.9903256748054482 -7.18575184529e-06 0.0007427650383180661
0.9903256748054482 -7.18575184529e-06 0.0007427650383180661
0.9903256748054482 -7.18575184529e-06 0.0007427650383180661
0.9905438401706098 -6.59814179228e-06 -0.001995648214420456
0.9905438401706098 -6.59814179228e-06 -0.001995648214420456
0.9903256740141105 -6.59814179228e-06 0.0006820258877819113
0.9903256740141105 -6.59814179228e-06 0.0006820258877819113
0.9905438393792722 -6.01053173927e-06 -0.002057788692715677
0.9905438393792722 -6.01053173927e-06 -0.002057788692715677
0.9905438393792722 -6.01053173927e-06 -0.002057788692715677
0.9905438393792722 -6.01053173927e-06 -0.002057788692715677
0.9905438393792722 -6.01053173927e-06 -0.002057788692715677
0.9905438393792722 -6.01053173927e-06 -0.002057788692715677
0.9905438393792722 -6.01053173927e-06 -0.002057788692715677
0.9905438393792722 -6.01053173927e-06 -0.002057788692715677
0.9905438393792722 -6.01053173927e-06 -0.002057788692715677
0.9905438393792722 -6.01053173927e-06 -0.002057788692715677
0.9905438393792722 -6.01053173927e-06 -0.002057788692715677
0.9905438393792722 -6.01053173927e-06 -0.002057788692715677
0.9905438393792722 -6.01053173927e-06 -0.002057788692715677
0.9905438393792722 -6.01053173927e-06 -0.002057788692715677
0.9905438393792722 -6.01053173927e-06 -0.002057788692715677
0.9905438393792722 -6.01053173927e-06 -0.002057788692715677
0.9905438393792722 -6.01053173927e-06 -0.002057788692715677
0.9905438393792722 -6.01053173927e-06 -0.002057788692715677
0.9905438393792722 -6.01053173927e-06 -0.002057788692715677
0.9905438393792722 -6.01053173927e-06 -0.002057788692715677
0.9905438393792722 -6.01053173927e-06 -0.002057788692715677
0.9905438393792722 -6.01053173927e-06 -0.002057788692715677
0.9905438393792722 -6.01053173927e-06 -0.002057788692715677
0.9905438393792722 -6.01053173927e-06 -0.002057788692715677
0.9905438393792722 -6.01053173927e-06 -0.002057788692715677
0.9905438393792722 -6.01053173927e-06 -0.002057788692715677
0.9905438393792722 -6.01053173927e-06 -0.002057788692715677
0.9905438393792722 -6.01053173927e-06 -0.002057788692715677
0.9905438393792722 -6.01053173927e-06 -0.002057788692715677
0.9905438393792722 -6.01053173927e-06 -0.002057788692715677
0.9905438393792722 -6.01053173927e-06 -0.002057788692715677
0.9905438393792722 -6.01053173927e-06 -0.002057788692715677
0.9905438393792722 -6.01053173927e-06 -0.002057788692715677
0.9905438393792722 -6.01053173927e-06 -0.002057788692715677
0.9905438393792722 -6.01053173927e-06 -0.002057788692715677
0.9905438393792722 -6.01053173927e-06 -0.002057788692715677
0.9905438393792722 -6.01053173927e-06 -0.002057788692715677
0.9905438393792722 -6.01053173927e-06 -0.002057788692715677
0.9905438393792722 -6.01053173927e-06 -0.002057788692715677
0.9905438393792722 -6.01053173927e-06 -0.002057788692715677
0.9905438393792722 -6.01053173927e-06 -0.002057788692715677
0.9905438393792722 -6.01053173927e-06 -0.002057788692715677