
0.0 0.0 -1.570796326794897
0.0 0.0 -1.570796326794897
0.0 0.0 -1.570796326794897
-0.0004363259823086176 2.35043168647e-06 -1.564973183186834
-0.0008725000372430119 1.41012260758e-05 -1.542989745887215
0.0002174406109112328 -2.9957593052e-05 -1.530612633824112
0.0004351511153283341 -4.40504319471e-05 -1.506589672904256
-0.0004350330501693065 2.16996067141e-05 -1.494945841706083
0.001518720347478189 -0.0001736510532704792 -1.472659164185907
0.00281724288948883 -0.0003389150668682892 -1.447024278396877
0.00281724288948883 -0.0003389150668682892 -1.447024278396877
0.004758445880542557 -0.0006339492457350704 -1.424726832207594
0.007764640055003771 -0.001174046520680446 -1.4008049206193
0.01117457856687837 -0.001920381657668369 -1.366519191164818
0.01181505188325754 -0.002055148781186397 -1.375242638098677
0.01435818698336941 -0.002676724044352465 -1.345478624092743
0.018157324766114 -0.003670609844846991 -1.333144641151941
0.01900390806779532 -0.003882365040252269 -1.344771738541533
0.02152180273590676 -0.004599371585199344 -1.314993043501114
0.02506315193656005 -0.005701290911318909 -1.294336007708594
0.0287800345562849 -0.006968587430642428 -1.271174275071038
0.02940120142561971 -0.007174791133363413 -1.279885636529216
0.03165541622931565 -0.007998009641197483 -1.252552925676276
0.03509998586051311 -0.009372898879673006 -1.226442880781073
0.03851021851644086 -0.01083087473499005 -1.205697159045823
0.03911408357147132 -0.01108329351774624 -1.214397003023458
0.04169093688171288 -0.01226804275650519 -1.18203454885853
0.04502212602681628 -0.01389855164694058 -1.161235151607067
0.04868960256025758 -0.01583037519258377 -1.135415117554283
0.04927112354142308 -0.01613071099637575 -1.14410000460273
0.05136980941782733 -0.01729462279931608 -1.116661701323481
0.05455852427916504 -0.0191886866565626 -1.090376513652587
0.05787957678310066 -0.02128436486249143 -1.066943274829892
0.05843588969345365 -0.02162916073304333 -1.075610880968336
0.06117485070042434 -0.02342005402039202 -1.054273503338644
0.06366638355838293 -0.02518673806081369 -1.019224325277723
0.06663893001201333 -0.02740469837228296 -0.9981745942950985
0.06988629702115152 -0.0299809230990498 -0.9720594437800505
0.0704023092194646 -0.03038353911682252 -0.9806988443298852
0.07241323740563985 -0.03205986240761308 -0.9505693054970386
0.07503330944792759 -0.03436635742921848 -0.9265105024292545
0.07569450165953814 -0.03493589093022813 -0.9380106962144229
0.07858549178392893 -0.03759360291187269 -0.9088897961492606
0.0804545554583176 -0.03942676764159058 -0.8786562162214949
0.08287991159574862 -0.04193721469303261 -0.8544533189181467
0.0858086161231395 -0.0451716046707424 -0.8254667665088236
0.08625182760979359 -0.04565319767803479 -0.8340526511747975
0.08842209442671436 -0.0481025135228676 -0.8176903510625607
0.09036005639283583 -0.05046327863164793 -0.782234611532855
0.09250140689060164 -0.05321996411192791 -0.7578159235458379
0.09532173682930339 -0.05710357472683671 -0.7288553548413161
0.09669504280473677 -0.05907162040483339 -0.7116552784307939
0.09720210785047854 -0.05978185176773823 -0.7230393640351006
0.09926677149578937 -0.0628628490728288 -0.6959273572362171
0.1007621853126083 -0.06527273314840377 -0.662764822462109
0.1025221499081874 -0.0682872350000828 -0.6380422250887796
0.1047138846244449 -0.07231046044936222 -0.6112196574682767
0.1049246822623348 -0.07269249479759121 -0.6168768481590965
0.1064513655794695 -0.07558704903158978 -0.6000029961835223
0.1077734106514837 -0.0783404297369284 -0.5640500698948847
0.1091990274724453 -0.08152669925962414 -0.5390469432308382
0.1095639927558151 -0.08231938071607528 -0.550313978293844
0.1107358722439358 -0.08513994926625978 -0.514231786913049
0.1119178394424413 -0.08819153241374791 -0.4916675763814691
0.1133614889184402 -0.09230911239804908 -0.4614615064523537
0.1135830198641459 -0.09292497949951643 -0.4698656890874899
0.1143280490912405 -0.09520623015291189 -0.4413595808677986
0.115374514056634 -0.09876436048195375 -0.4133656654006563
0.1164257758051776 -0.1027739957609901 -0.3854534502072602
0.1165968746228123 -0.1034057341888058 -0.3938112560664468
0.1171553432842031 -0.1057396763147136 -0.3651315137445292
0.1179660159760662 -0.1095820800758207 -0.3396480195083389
0.1186238146788923 -0.1132321049015997 -0.3112852128610606
0.1187450976096587 -0.1138752679425775 -0.3195952827026787
0.1191468399723774 -0.1164622536439679 -0.2881063970134232
0.1196447304127806 -0.1203575536306258 -0.2623145290568087
0.1200482490426698 -0.1244830231857403 -0.2337686541487485
0.1201172237525166 -0.1251338770372128 -0.242026388500393
0.1202993254017257 -0.1275267857446644 -0.2129732935166131
0.1204710813376949 -0.1312316312557084 -0.1841167501286176
0.1205321908591725 -0.1355945264370134 -0.1525518159696944
0.1205466449087983 -0.1362488652842665 -0.1607520751758267
0.12053606795649 -0.1384305012099532 -0.1341525660198568
0.1204112804409929 -0.1423555088472297 -0.1077037065359931
0.1201317692378944 -0.1467098701349516 -0.07576414078053584
0.1201061641272517 -0.1471454505129253 -0.08119202663485625
0.1198944298328041 -0.1495359194379266 -0.05170853944172982
0.1194777551718171 -0.1532212637351579 -0.0275869675010072
0.1188902490488602 -0.1573245749456722 0.002050474274758241
0.1187758774077551 -0.1581897123204155 -0.008732117166399433
0.1183910161235191 -0.1605584788527564 0.02095453240510903
0.1177612431129511 -0.1644346422693144 0.02105204365932734
0.1170426046912095 -0.1691801929423308 0.01033720314911535
0.1167741610005312 -0.1713452761206642 -0.0166401566293608
0.116415266570355 -0.174598028947481 -0.03022538244577122
0.1161865232881448 -0.1763283036969676 -0.00869631582440511
0.115650973294442 -0.1799982582697775 0.004792097098046622
0.1149976656383133 -0.184312395245247 0.01023283130173369
0.1147735835183418 -0.1860432798171859 -0.01133846627993029
0.1143271443614328 -0.1897251370172172 -0.01950670107319463
0.114079773362293 -0.1914528470005916 0.002044935221279687
0.1135244618545836 -0.1951198634297406 0.01017136114058048
0.1128506920127379 -0.1996515384271778 0.007520338667138526
0.1126312726805977 -0.2013830202649544 -0.0140572896816975
0.112479574757291 -0.2024632515069143 -0.0005910423778983098
0.1119544184909456 -0.206354969350312 -0.006007149632079711
0.1113295094299478 -0.210893640163189 -0.003332790910581807
0.1111497655707147 -0.2124101886343266 -0.0222292513446003
0.110773354442748 -0.2156609609774967 -0.02502561287509675
0.1103531764127159 -0.2191262383422319 -0.01972571414118618
0.1099542214071914 -0.2217136553648179 0.01263714786970538
0.1093666015004005 -0.2251544982319962 0.02892604530726928
0.1087472708562854 -0.2290323438232958 0.01824395749394769
0.1084846927231128 -0.2309782027449947 -0.006011887428044593
0.1080224942279419 -0.2348778988136344 -0.02228501634280589
0.107679350389482 -0.2379128882348837 -0.02778163464063788
0.1072854334863269 -0.241161585764323 -0.01978552692112912
0.1069261142754561 -0.2435343611008312 0.009872890893443342
0.1063017681244908 -0.2471902566472081 0.02886687324699277
0.1055670329454948 -0.251712447299859 0.02091265720940227
0.105324316268204 -0.2534408172869949 -0.0006360865871319898
0.104930399365049 -0.2566895148164343 -0.01957491047859339
0.1045627452524134 -0.2599412891963442 -0.02777620967730199
0.1041688283492583 -0.2631899867257835 -0.01978259308466424
0.1038095091383876 -0.2655627620622917 0.009876761492927155
0.1030897101837983 -0.2696449447872339 0.03430914259684248
0.1022817328119608 -0.274376103729604 0.02911173219655994
0.1019725190630361 -0.2765357412088221 0.002184141356594393
0.1015873536503937 -0.2797854879326885 -0.02215577227879351
0.1014123015616119 -0.281082727213821 -0.006006125370827009
0.1009262220869152 -0.28475956105648 -0.008744202405586821
0.1002971780608372 -0.2895178166175681 -0.008802693090713465
0.1001687895899564 -0.2906010655255236 -0.02230364443229993
0.09992607291266564 -0.2923294355126594 -0.0007582168286435209
0.09940040953949368 -0.2960008192273301 0.00194528740222033
0.09872013929185937 -0.3007520216816098 0.001958508781108037
0.09853222870838457 -0.3022675799064432 -0.0169319712870728
0.09812138560156598 -0.3057339764119007 -0.02242989184092581
0.09772746869841092 -0.30898267394134 -0.01982902280649768
0.09723148778019589 -0.3126581852378824 -0.00639596603491932
0.09664351088968004 -0.3165409085158049 0.009820040891088899
0.09598977298755858 -0.3206341899732879 0.01800840764467715
0.09532501258751455 -0.3247256958018768 0.02082763810422694
0.09467170493138582 -0.3290398327773462 0.01011874057515127
0.09416582616772094 -0.3327139948639609 -0.003366733639067032
0.09368965166278163 -0.336392124579331 -0.01151030774772344
0.09346506171549974 -0.3379026829118101 0.007360329500204266
0.09290975020779033 -0.3415696993409592 0.01010981335682004
0.09230295851456351 -0.3458906243087989 -0.0006682086863616377
0.09183615294447878 -0.3493499290584857 -0.006087192832541222
0.09164007075107314 -0.351084208727771 -0.0277080538308756
0.09124790636426186 -0.3545527680663416 -0.02785640807757872
0.09083649511649887 -0.3577992965121727 -0.014461960749242
0.09027991036843443 -0.3616866439747652 0.001708841685688078
0.08982530050237802 -0.3642648646431498 0.03416848523359817
0.08913214163680984 -0.3679083397904958 0.04791219269496017
0.08831306517585268 -0.3735212114900874 0.004860836377879929
0.08790165392808967 -0.3767677399359186 -0.01406578168415029
0.0877195913584478 -0.3785035473614708 -0.03571206498256374
0.08740098186157454 -0.3815412103561874 -0.03588666057504786
0.08701699803032908 -0.3845713035722964 -0.01440984786357147
0.08620036346016818 -0.3899639747916332 0.009917864865728321
0.08559571991893504 -0.3936231805183298 0.02352652535176336
0.08488691855100144 -0.3977072871471605 0.03182211574189076
0.08418717076148141 -0.4020141353877805 0.02120055178985103
0.0835996646385245 -0.4061174465982947 0.002362905793124259
0.08317951066357805 -0.4093628551706802 -0.01116506223286984
0.08278559376042299 -0.4126115527001196 -0.01935145487939582
0.08238292822440557 -0.4158591774676197 -0.01675044902058387
0.0818968487497089 -0.4195360113102786 -0.008725074670303368
0.08136129875600613 -0.4232059658830886 0.004772164221688246
0.08068476121738477 -0.427516521032429 0.01566312345838639
0.08003102331526331 -0.4316098024899119 0.0184890882940254
0.07943259080697657 -0.435490928023791 0.0131925234482082
0.07887600605891212 -0.4393782754863834 0.002435664413994232
0.07839983155397282 -0.4430564052017537 -0.01110412430800856
0.07795339239706375 -0.4467382624017849 -0.01931169018706536
0.07755072686104633 -0.449985887169285 -0.01671618391495944
0.077025570594701 -0.4538776050126828 -0.005984858476928645
0.07643759370418515 -0.4577603282906053 0.01024856822265519
0.07578385580206369 -0.4618536097480883 0.01846858942504692
0.0751411451403734 -0.4659486371399617 0.01589642331561758
0.07453154385489397 -0.4700487240424048 0.007876735371288524
0.07403556293667893 -0.4737242353389471 -0.005629323595123026
0.07356929685588087 -0.4774036342442224 -0.01380589418230982
0.07313045819160034 -0.4808665979197756 -0.01389781463836703
0.07267297162717995 -0.4843271474187487 -0.008568043612240173
0.07211638687911551 -0.4882144948813412 0.002222351956359336
0.07153886987181921 -0.4920987877362873 0.007667427606823374
0.07094043736353245 -0.4959799132701664 0.01315496073970257
0.07036292035623615 -0.4998642061251125 0.007828540918336513
0.06978646824767068 -0.5039690848445602 -0.0002537698496927199
0.06931966267758594 -0.5074283895942471 -0.005680170875650425
0.06883358320288926 -0.511105223436906 -0.008436482237416776
0.06833760228467423 -0.5147807347334483 -0.005786541446828775
0.06783172352100934 -0.518454896820063 -0.003116722251742532
0.0672751387729449 -0.5223422442826554 0.002288577262969937
0.06671855402488046 -0.5262295917452479 0.002307361472569491
0.06611999814956561 -0.5303313056795649 0.00504447498973426
0.06559433477639363 -0.5340026893942356 0.002369594856872048
0.06503775002832919 -0.537890036856828 0.002389535035349555
0.0645219770890864 -0.5415628230794918 -0.0003063086993859709
0.06401609832542152 -0.5452369851661064 -0.003023943391890604
0.06348046198742341 -0.5491272744342865 -0.003050023926374656
0.06300434079809175 -0.5525853093393357 -0.003073587210856044
0.06248856785884897 -0.5562580955619993 -0.0003833243777706663
0.06190106173589206 -0.5603614067725137 0.002331652967716424
0.06134447698782761 -0.5642487542351061 0.002352460630282938
0.06078789223976317 -0.5681361016976986 0.002373643011146287
0.06027211930052039 -0.5718088879203622 -0.0003225089824150373
0.05972600677661625 -0.575697720391418 -0.0003254647195209959
0.05924057342203479 -0.5791544603656897 -0.0003281378973893911
0.05869446089813066 -0.5830432928367454 -0.0003311982004015057
0.05818858213446577 -0.58671745492336 -0.003051485424735212
0.05767280919522298 -0.5903902411460238 -0.0003612866290432226
0.05712669667131885 -0.5942790736170794 -0.0003647493813760949
0.05658058414741471 -0.5981679060881352 -0.0003682791535686292
0.05605492077424275 -0.6018392898028058 0.002346577008158324
0.05549833602617831 -0.6057266372653982 0.002369720902904771
0.05494175127811387 -0.6096139847279907 0.002393325872978025
0.05442597833887108 -0.6132867709506544 -0.0003029333702342374
0.05387986581496695 -0.6171756034217101 -0.0003060105158885218
0.05337398705130208 -0.6208497655083247 -0.003028473490156891
0.05283835071330397 -0.624740054776505 -0.003059856006047523
0.05232257777406118 -0.6284128409991687 -0.0003700684553258338
0.0517969144008892 -0.6320842247138394 0.002346532905569632
0.05124032965282476 -0.6359715721764319 0.002371599222989795
0.05068374490476033 -0.6398589196390243 0.002397206852586597
0.05016797196551753 -0.6435317058616881 -0.0002992542102993045
0.04960257805318619 -0.6476381223114338 -0.003027525225495209
0.04908680511394339 -0.6513109085340976 -0.0003376350036767839
0.04860137175936195 -0.6547676485083692 -0.0003410155108238833
0.04805525923545781 -0.658656480979425 -0.0003449004179083559
0.04750914671155368 -0.6625453134504806 -0.0003488748600406488
0.0469834833383817 -0.6662166971651513 0.002370331380749935
0.04646771039913891 -0.6698894833878151 -0.0003266723360761947
0.04592159787523478 -0.6737783158588707 -0.0003305663596331332
0.04537548535133065 -0.6776671483299265 -0.0003345543388144634
0.04486960658766576 -0.6813413104165411 -0.003062861419705465
0.04435383364842297 -0.6850140966392049 -0.0003737597242923218
0.04380772112451883 -0.6889029291102606 -0.0003784316151804745
0.04328205775134687 -0.6925743128249312 0.00234263316009331
0.04272547300328244 -0.6964616602875237 0.002372644817739911
0.04216888825521799 -0.7003490077501161 0.002403435416392652
0.04122422873936595 -0.7061632528749531 0.02167927689410298
0.04059445572879792 -0.710039416291511 0.02197002493103573
0.04000694960584101 -0.7141427275020253 0.003160910120501903
0.03954946304142062 -0.7176032770009985 -0.007705916512271482
0.03935805267865997 -0.7193380785086341 -0.02943331721225384
0.03896123624863993 -0.7230256138756658 -0.03255265208552482
0.03860174853017367 -0.7260587108179412 -0.02201944675723588
0.03805563600626953 -0.7299475432889969 -0.0004789709950681065
0.03755694224936391 -0.7331818145672294 0.01314581341929544
0.03679785762728257 -0.7376999817419473 0.02707313415552703
0.03609810983776253 -0.7420068299825673 0.02204951965021373
0.0354885085522831 -0.7461069168850104 0.008721242949278896
0.03499252763406806 -0.7497824281815527 -0.004815469730309552
0.03456301772898281 -0.7532465612668862 -0.01580749502769141
0.03413350782389757 -0.7567106943522196 -0.01603208816872481
0.03370399791881232 -0.760174827437553 -0.01626315476793128
0.03323719234872758 -0.76363413218724 -0.005569796560426221
0.03267013941421878 -0.7675199664408034 0.005290886986990984
0.03203846065547166 -0.771616710059898 0.01361144030619155
0.03139574999378135 -0.7757117374517715 0.01660326303691084
0.03072827913123186 -0.7804647549163951 0.000452394539408818
0.03008642147236534 -0.7852212989472146 -0.005043626950731239
0.02952621617243675 -0.7895485103770619 -0.01064460031433145
0.02890999034251528 -0.794308442949894 -0.01089056172334302
0.02826813268364878 -0.7990649869807134 -0.005633926161069169
0.02760066182109928 -0.803818004445337 -0.0002530940884415411
0.02688202339935768 -0.8085635551183535 0.01078174463589021
0.02618385213968982 -0.813091534907879 0.01380225211390074
0.02543254833514179 -0.8180527924296689 0.01141225139967261
0.02478319946239994 -0.8225880311360269 0.003417241977207386
0.02422886784792432 -0.8266959555262799 -0.004773442597811428
0.0236856025526751 -0.8308053580563105 -0.007648016624916876
0.02318962163446007 -0.8344808693528528 -0.005064552048176241
0.02262422772212874 -0.8385872858025986 -0.002431445280943967
0.02210845478288594 -0.8422600720252623 0.000268063808762653
0.02154140184837713 -0.8461459062788258 0.005797823376622269
0.02097434891386832 -0.8500317405323893 0.005948177935015897
0.02044868554069635 -0.85370312424706 0.003336486849416342
0.01995394354241685 -0.8571585442138088 0.003417237324375932
0.01947782235308519 -0.8606165791188579 -0.002018431999506465
0.01904019213113076 -0.8638596773216893 -0.004824010770644982
0.01859382851613232 -0.8671015850451729 -0.002182559281078023
0.01813873474621221 -0.8703422787710526 0.0005236192942041917
0.01771398056095345 -0.8733669262485404 0.0005361269485639752
0.01725015993756641 -0.8766063824673674 0.003314361019149281
0.01681726068907185 -0.8796298749382727 0.003397651987616213
0.01642284608847441 -0.8824384761673686 0.00072106904090119
0.01602086821487232 -0.885246004890352 0.003498056909165159
0.01566377732287358 -0.8878395310691388 -0.001932424548207301
0.01526936272227615 -0.8906481322982346 0.0007805321138860677
0.01494202940461063 -0.8930255312954559 -0.001955377428060512
0.01454761480401321 -0.8958341325245517 0.0007579334130278781
0.01422028148634769 -0.898211531521773 -0.001980668980806399
0.01388654605507296 -0.9005880402540848 0.0007297806291639564
0.01352247103913687 -0.9031805952347886 0.0007493241783331772
0.01321907519252345 -0.9053410577187084 0.0007664283245549797
0.0128789400687063 -0.9077166589458483 0.003548946952755427
0.0125697263197816 -0.9098762964250664 0.003634034002762299
0.01223599088850686 -0.9122528051573782 0.0009661035932337914
0.0119681727195078 -0.9141979497914683 -0.001766454407815088
0.01167059697617552 -0.9163592216071239 -0.001812087978138477
0.01143253638150969 -0.9180882390596485 -0.001850328231066456
0.01094255563941316 -0.9213238417912506 0.01209529210783766
0.01068123257696166 -0.9230494965814384 0.01236701588543965
0.0104292090505133 -0.9247765340274666 0.007140615474922507
0.01016139088151425 -0.9267216786615567 -0.0009645508666684677
0.009932647599304052 -0.9284519534110433 -0.006504830866099098
0.009703904317093859 -0.9301822281605298 -0.006665891533671031
0.009499676880181782 -0.9316956739885178 -0.004060452860182862
0.00925696020289106 -0.9334240439756537 0.001360805972604906
0.009040510578643772 -0.9349357902111064 0.004148468598747401
0.008828133486014392 -0.9364481139498503 0.001489692028225242
0.008619830465681788 -0.9379610042208093 -0.001233066290668772
0.008407453373052411 -0.9394733279595532 0.001496838900338471
0.008199150352719819 -0.9409862182305121 -0.001227240767986748
0.008020604906720448 -0.9422829813199055 -0.001254809134518586
0.007842059460721076 -0.9435797444092989 -0.001283644537642958
0.007629682368091685 -0.9450920681480428 0.001448601659753024
0.007447644860123639 -0.9463883456383947 0.001483634681160639
0.007265607352155593 -0.9476846231287466 0.001520404175223256
0.007116819480489455 -0.9487652590365744 -0.001197741919773287
0.006938274034490084 -0.9500620221259678 -0.001228838957453293
0.006759728588490713 -0.9513587852153612 -0.001261593783641768
0.006608030665184012 -0.9524390164573211 0.001464342380459449
0.006459242793517873 -0.9535196523651489 -0.0012576369372721
0.006307544870211162 -0.9545998836071089 0.001469941569151256
0.006158756998545025 -0.9556805195149367 -0.001253294241149394
0.006007059075238325 -0.9567607507568966 0.00147610040310342
0.005858271203572175 -0.9578413866647245 -0.001248506363519919
0.005739240906239269 -0.9587058953909867 -0.001274639732313565
0.005587542982932568 -0.9597861266329466 0.001456888558281078
0.005466184644287201 -0.9606503116265146 0.001488890911659935
0.005344826305641833 -0.9615144966200826 0.001522330783107151
0.005196038433975694 -0.9625951325279104 -0.00120490566156084
0.005077008136642788 -0.9634596412541726 -0.001233407667415864
0.004957977839309871 -0.9643241499804349 -0.001263290770486369
0.004838947541976953 -0.9651886587066972 -0.001294657847170644
0.004747928787992932 -0.9658367974518732 0.001425293654968574
0.004626570449347576 -0.9667009824454411 0.001462290800200217
0.004505212110702208 -0.9675651674390091 0.00150125984079863
0.004415939387702535 -0.9682135489837057 -0.001216462924390926
0.004296909090369605 -0.9690780577099681 -0.001250466631521618
0.004177878793036699 -0.9699425664362303 -0.001286426011107844
0.004118363644370234 -0.9703748207993615 -0.001305192571050995
0.004027344890386223 -0.9710229595445374 0.001419273605016924
0.003905986551740856 -0.9718871445381054 0.001462910766016456
0.003816713828741171 -0.9725355260828021 -0.001259543126579832
0.003725695074757149 -0.9731836648279781 0.001468529211323455
0.003636422351757463 -0.9738320463726748 -0.00125522455632554
0.003545403597773441 -0.9744801851178508 0.001474718550888987
0.003484724428450763 -0.9749122776146347 0.001500123332600634
0.003395451705451078 -0.9755606591593314 -0.001224938798822128
0.003335936556784626 -0.9759929135224625 -0.001246990357982369
0.003216906259451709 -0.9768574222487248 -0.001293564290823834
0.003157391110785256 -0.977289676611856 -0.00131818070315548
0.003066372356801233 -0.9779378153570319 0.001415637825221916
0.003005693187478556 -0.9783699078538158 0.001443922941575693
0.002945014018155865 -0.9788020003505998 0.001473361401591822
0.002855741295156192 -0.9794503818952964 -0.00125853617958982
0.002796226146489727 -0.9798826362584276 -0.001285573065574974
0.002736710997823262 -0.9803148906215589 -0.001313797110638504
0.002645692243839252 -0.9809630293667347 0.001426592292061102
0.002585013074516561 -0.9813951218635187 0.00145973119874232
0.002524333905193884 -0.9818272143603026 0.00149444631361173
0.002463654735871206 -0.9822593068570865 0.001530852831510332
0.002374382012871509 -0.9829076884017833 -0.001206649679951655
0.00234520666474122 -0.9831238949486387 -0.003949997090157087
0.002315449090408 -0.9833400221302042 -0.001272886384581895
0.002224430336423978 -0.9839881608753802 0.001478035758089469
0.002163751167101288 -0.9844202533721642 0.001519036644902494
0.002133993592768068 -0.9846363805537297 -0.001190890417241075
0.002074478444101603 -0.9850686349168609 -0.001225360153889632
0.00204413885944027 -0.9852846811652528 0.001489607155491735
0.00198345969011758 -0.9857167736620368 0.001534680010935485
0.001922780520794902 -0.9861488661588207 0.001582565621469412
0.00189302294646167 -0.9863649933403863 -0.001128448844575081
0.001833507797795217 -0.9867972477035174 -0.001165387978466992
0.001803168213133872 -0.9870132939519094 0.001553446959451144
0.001742489043811195 -0.9874453864486933 0.001606923962774509
0.001712731469477962 -0.9876615136302589 -0.001105513893109089
0.001683556121347674 -0.9878777201771143 -0.003866642788172614
0.001653798547014453 -0.9880938473586798 -0.001194527119532163
0.001623458962353108 -0.9883098936070718 0.001526589136674916
0.001562779793030418 -0.9887419861038558 0.001585193920159877
0.001502100623707741 -0.9891740786006397 0.001648477932722603
0.001502100623707741 -0.9891740786006397 0.001648477932722603
0.00147234304937452 -0.9893902057822052 -0.001066214077509731
0.001412827900708055 -0.9898224601453364 -0.001111490715200558
0.001383652552577755 -0.9900386666921919 -0.00388743966429006
0.001353894978244523 -0.9902547938737575 -0.00122050680826602
0.00132355539358319 -0.9904708401221494 0.001506303366844985
0.00132355539358319 -0.9904708401221494 0.001506303366844985
0.00132355539358319 -0.9904708401221494 0.001506303366844985
0.001292634018690717 -0.9906868038700712 0.004297158596494377
0.001292634018690717 -0.9906868038700712 0.004297158596494377
0.001292634018690717 -0.9906868038700712 0.004297158596494377
0.001292634018690717 -0.9906868038700712 0.004297158596494377
0.001292634018690717 -0.9906868038700712 0.004297158596494377
0.001292634018690717 -0.9906868038700712 0.004297158596494377
0.001292634018690717 -0.9906868038700712 0.004297158596494377
0.001292634018690717 -0.9906868038700712 0.004297158596494377
0.001292634018690717 -0.9906868038700712 0.004297158596494377
0.001292634018690717 -0.9906868038700712 0.004297158596494377
0.001292634018690717 -0.9906868038700712 0.004297158596494377
0.001292634018690717 -0.9906868038700712 0.004297158596494377
0.001292634018690717 -0.9906868038700712 0.004297158596494377
0.001292634018690717 -0.9906868038700712 0.004297158596494377
0.001292634018690717 -0.9906868038700712 0.004297158596494377
0.001292634018690717 -0.9906868038700712 0.004297158596494377
0.001292634018690717 -0.9906868038700712 0.004297158596494377
0.001292634018690717 -0.9906868038700712 0.004297158596494377
0.001292634018690717 -0.9906868038700712 0.004297158596494377
0.001292634018690717 -0.9906868038700712 0.004297158596494377
0.001292634018690717 -0.9906868038700712 0.004297158596494377
0.001292634018690717 -0.9906868038700712 0.004297158596494377
0.001292634018690717 -0.9906868038700712 0.004297158596494377
0.001292634018690717 -0.9906868038700712 0.004297158596494377
0.001292634018690717 -0.9906868038700712 0.004297158596494377
0.001292634018690717 -0.9906868038700712 0.004297158596494377
0.001292634018690717 -0.9906868038700712 0.004297158596494377
0.001292634018690717 -0.9906868038700712 0.004297158596494377
0.001292634018690717 -0.9906868038700712 0.004297158596494377
0.001292634018690717 -0.9906868038700712 0.004297158596494377
0.001292634018690717 -0.9906868038700712 0.004297158596494377
0.001292634018690717 -0.9906868038700712 0.004297158596494377
0.001292634018690717 -0.9906868038700712 0.004297158596494377
0.001292634018690717 -0.9906868038700712 0.004297158596494377
0.001292634018690717 -0.9906868038700712 0.004297158596494377
0.001292634018690717 -0.9906868038700712 0.004297158596494377
0.001292634018690717 -0.9906868038700712 0.004297158596494377
0.001292634018690717 -0.9906868038700712 0.004297158596494377
0.001292634018690717 -0.9906868038700712 0.004297158596494377
0.001292634018690717 -0.9906868038700712 0.004297158596494377
0.001292634018690717 -0.9906868038700712 0.004297158596494377
0.001292634018690717 -0.9906868038700712 0.004297158596494377
0.001292634018690717 -0.9906868038700712 0.004297158596494377
0.001292634018690717 -0.9906868038700712 0.004297158596494377
0.001292634018690717 -0.9906868038700712 0.004297158596494377
0.001292634018690717 -0.9906868038700712 0.004297158596494377
0.001292634018690717 -0.9906868038700712 0.004297158596494377