
0.0 0.0 1.570796326794897
0.0 0.0 1.570796326794897
0.0 0.0 1.570796326794897
0.0 0.0 1.543862233399922
0.0008720442903888039 3.28984052358e-05 1.533960668801058
4.050377821708182e-07 -9.3929979346e-06 1.522315363717921
0.0008705892032798113 5.63570407266e-05 1.496251503338861
0.002607720287369363 0.0002253238852758759 1.476441892659468
0.001956829374904892 0.0001566997885880013 1.467710496113355
0.003471247535262592 0.0003535874616932094 1.444985139900997
0.005840837839231479 0.0007333438101313919 1.417730233523732
0.005840837839231479 0.0007333438101313919 1.417730233523732
0.008411107793088634 0.001230942352633362 1.387985538754241
0.01180636979193282 0.002041431557171528 1.34829968335771
0.01497453724233186 0.002861139536032611 1.33263222450974
0.01560947471859285 0.00301995593258657 1.341351555190056
0.01982472894618881 0.004146996541173346 1.329440276122374
0.0227435677580945 0.005046601160481711 1.294682837511195
0.02358024239904681 0.005294631591385026 1.306302844022432
0.02689900844432273 0.006376522865123737 1.282732454942769
0.03059848779418728 0.00769375838568488 1.259559303399268
0.03303514136895509 0.008651156579631461 1.22972352969914
0.03364621885447322 0.008885576189024314 1.238427489672729
0.03707577630832001 0.01029749546186093 1.217695999526187
0.03965897422978892 0.01146834653683223 1.185335221167542
0.04025726059148931 0.0117337173641256 1.194030606453544
0.0439949575117053 0.01352590822099658 1.168259031616298
0.04631779729401467 0.01473351216721485 1.138345305486268
0.04690092768465972 0.01503071108053926 1.14703039312611
0.05689780759400618 0.02126398501711738 1.071329204358105
0.05708262342568172 0.02137991422052945 1.068830873680736
0.05872018788386891 0.02246328713160745 1.046323952858881
0.05926894281887243 0.02281998906303526 1.054985559874504
0.06231731179122864 0.02493252946989605 1.028603190611859
0.06531358077072809 0.02711833654389249 1.007572102657354
0.06754492641621589 0.02886902222430613 0.9749652372625663
0.06806309993676964 0.02926885274986914 0.9836051806405415
0.07110640678427964 0.0317506948698681 0.9599768770880798
0.07324025511324517 0.03361898153154873 0.9272996023532717
0.07373614927195309 0.03404613165730597 0.9359235710734701
0.07631860680323306 0.03639466521904267 0.9118382881396188
0.07915166381288433 0.03911404839483235 0.8880561461234412
0.08112775237008564 0.04114847159449873 0.8552620128727411
0.08158755140220515 0.04161425383614929 0.8638594006148974
0.08427008154445377 0.04448223028525582 0.8399654004164505
0.0870107200051814 0.04759208995450532 0.8134781480146951
0.08854337420562103 0.04943874752826315 0.7856253907894344
0.09082643978492171 0.05236158723013802 0.7586705384046459
0.09123348825607325 0.05287411019421695 0.7672279977829085
0.09333001178656077 0.05566503940822087 0.7427750721806092
0.09572036293028119 0.05905156384258695 0.7160147981350742
0.09716015212190195 0.06123809054695004 0.6854460864151612
0.09900066143490983 0.06420410171688848 0.6607819575047156
0.1009806216049364 0.06759541630002738 0.6363277320176299
0.1026587648020726 0.07065622210918511 0.6115304922903597
0.1030865200970391 0.07141685931383324 0.6228485914970281
0.1047149823019828 0.07450438383009836 0.5980179845831552
0.1067091666754828 0.07862909870105199 0.5656399940922396
0.1076055376552599 0.08061811007627857 0.5399150394722663
0.1078792616177874 0.08121262116861694 0.5483638536801696
0.1092532029582004 0.08442151225193097 0.5233154760609247
0.1107711614653179 0.08827872994160235 0.4958267360183091
0.111650646913181 0.09074457610310513 0.4647835122158517
0.1118754921930837 0.0913592409277702 0.4731893355946704
0.1130648166456655 0.09487220089177979 0.4507133592384192
0.1142032435817718 0.0986305570467829 0.4201484996867098
0.1148808302573578 0.1011593449466016 0.3889201946942049
0.1151157606135383 0.1019997920164469 0.4000689201993397
0.116007965446559 0.1055997018622873 0.3719301705347913
0.1168855112288448 0.1096509041202394 0.3438520767416924
0.1173238619313744 0.1120103578185421 0.3150526762096097
0.117448607688389 0.112652858201952 0.323365092740592
0.1180213940273195 0.1160962014322157 0.2975744297269716
0.1185979122382321 0.1204212696963193 0.2665423213386953
0.1188443908733359 0.1228084063441214 0.2375511125322711
0.1189168705971656 0.1234588791999798 0.2458112623596513
0.119238125644296 0.1271537642532578 0.2224957798489169
0.1194754032910836 0.1315106310236564 0.1911157040212983
0.1195348634149907 0.1339097220153671 0.1619295389622051
0.1195563660988489 0.1345638671683431 0.1701365170852824
0.1195683533375532 0.1382726724568898 0.1411060492683323
0.1194752845073003 0.1421985602634295 0.1146885108028948
0.1193286935697348 0.1448124468413484 0.08261704972684369
0.1192973271741376 0.1454661932721626 0.09076598247864376
0.1190035614289311 0.1493821808313417 0.06412353711466956
0.1186044414102234 0.1532888367014394 0.03736021887423502
0.1182543372326599 0.1558833152637046 0.005054784794411793
0.1181720549831073 0.1565326209528708 0.01314510620901665
0.1175969980752791 0.1601965928298102 -0.01655448116133051
0.116801766566432 0.1649299108223717 -0.02748365619610116
0.1165640528616479 0.1662171424180288 -0.04371194981648174
0.1161025004493322 0.168794129285649 -0.03844465139651931
0.115493616664573 0.1726736289200554 -0.01697680778955513
0.1151522220151719 0.1754891667789028 0.01809895950160567
0.1147951560146648 0.1791807632131742 0.0425290522813262
0.1142927038124181 0.1837346171707178 0.02922352461275501
0.1139285703674645 0.1865473046001186 0.01040546367788986
0.1135087216937525 0.1891314135444905 -0.02198551640568969
0.1128933184773316 0.1925673960346507 -0.03830925522737383
0.1124893297914129 0.1949329755058357 -0.03031825649652919
0.1122326555659478 0.1966593278858118 -0.008789853990914587
0.1117599552821618 0.200557764921139 0.0182325036661406
0.1112207237044624 0.205107410334552 0.02104535054615164
0.1109424313304302 0.2070510840658482 -0.003203169438748432
0.1103476457093381 0.2107119050703751 -0.02215967307463829
0.1098415892946173 0.213724016520187 -0.02765245489455559
0.109563296920585 0.2156676902514832 -0.003420229709145906
0.1090871224156457 0.2193458199668535 0.0100940884998082
0.1084562918357425 0.2243238302504612 0.01286942053282458
0.108018661613788 0.2275669284532926 0.004809286815743663
0.1077089962917305 0.2295058512489424 -0.01948043546228417
0.1075234680423757 0.2308016337364733 -0.003325574845253199
0.1069668832943112 0.2346889811990657 -0.003342474844539645
0.1063484557964619 0.2390082561575018 -0.003361455218415577
0.1061035440701298 0.2405156530417188 -0.02225955764235699
0.1055437458385138 0.2439611316342148 -0.02236133537111962
0.1050450520816082 0.2471954029124473 -0.01434259049779141
0.1047299185590841 0.2497943609359988 0.01804045465324422
0.1043973185434944 0.2530499074944135 0.03705436688225028
0.1038837646599712 0.2573829031262354 0.02101548248959406
0.1035687352519108 0.2595416999337706 -0.005935881082743899
0.1030178415892943 0.2627674901217503 -0.03030920647002211
0.1027891839096493 0.2642774380631646 -0.01147889007478264
0.1022635205364773 0.2679488217778353 -0.003415715232919947
0.1016088539011463 0.2727036197722777 0.001983986246387293
0.1012295743754524 0.2755143048813983 0.004695530054719121
0.1009199090533949 0.2774532276770482 -0.01959775330079938
0.1002551486533509 0.2815447335056371 -0.02241852770496622
0.1000124319760601 0.283273103492773 -0.000873354251609948
0.09951347056539706 0.2873881203633961 0.01808409036504099
0.09897423898769767 0.291937765776809 0.02091063566281082
0.09869594661366544 0.2938814395081052 -0.0033392190538446
0.09855589528868329 0.2949632423655671 0.01014334623165447
0.09800978276477916 0.2988520748366228 -0.0006337872703183756
0.09731161150511129 0.3033800546261483 -0.01419267667252355
0.09705047415903049 0.3048847254894018 -0.03311843451967622
0.0965281994668689 0.3078940672159086 -0.03326316162297127
0.09602950570996328 0.3111283384941411 -0.01447708986043983
0.09571437218743924 0.3137272965176926 0.01791123672376216
0.09531529842216663 0.3178531984148195 0.04240552306229839
0.0948017712774348 0.3226253030074488 0.03185381852814073
0.09437287762329069 0.3258695681627361 0.007649734345416492
0.09402880504322676 0.3280239268245692 -0.01934636040633331
0.09349842686616096 0.3310318509376845 -0.03566733658497645
0.09323245686247797 0.3327567956194085 -0.0141566395928705
0.09271668392323518 0.3364295818420722 -0.0006934100834830037
0.0921162328074334 0.3409715530594745 0.007437675364438068
0.09188757512778835 0.3424815010008888 -0.01144244968052965
0.09134634509689125 0.3459299451203611 -0.01691821576172692
0.09080511506599416 0.3493783892398334 -0.0170081082924578
0.09030106801309744 0.3528324641318898 -0.006267775236464823
0.09002503318592181 0.3552163638502145 0.02344582727352473
0.08961539240422761 0.3591219305577072 0.03442708407131856
0.08909016986668752 0.3634535272636263 0.01839062442623951
0.08876932708485624 0.3656114677385964 -0.00857256611129853
0.08817454146376422 0.3692722887431234 -0.02216795229874502
0.08766848504904333 0.3722844001929352 -0.02768754084381908
0.08736508920242993 0.3744448626768551 -0.0007560498847585251
0.08688189055920902 0.3783420123978552 0.01550077477177547
0.08630591481234083 0.3828871522220187 0.01290152919064846
0.0860492405868758 0.3846135046019948 -0.008670029607120489
0.08549872445877352 0.3880604784609278 -0.01955350470312367
0.08528634736614413 0.3895728021996717 -0.0007013728421769727
0.08476119109979881 0.3934645200430694 0.004715489521845084
0.08411933344093228 0.3982210640738889 0.004752736940931701
0.08373248497460031 0.4010307174342413 0.00206898474439754
0.08321671203535752 0.404703503656905 -0.0006282774311336947
0.08289660663117526 0.4066407302180973 -0.0249504558491096
0.08228210955615704 0.4102982941214403 -0.02781603632115459
0.08200381718212482 0.4122419678527365 -0.003587181670957174
0.08151012368480923 0.4161378019877338 0.01265702634606947
0.08094639193438484 0.420684476662234 0.01547066115279594
0.08055424822443483 0.4237135246631271 0.01013677148514036
0.08002858485126285 0.4273849083777977 -0.003351637719994471
0.07945106784396655 0.4312692012327439 -0.008798212927300542
0.07891551785026379 0.4349391558055538 -0.006144487594739401
0.07838985447709182 0.4386105395202245 -0.00347365871562566
0.07785421813909371 0.4425008287884047 0.001926506625581359
0.07735823722087867 0.446176340084947 0.00465055686101179
0.0768523584572138 0.4498505021715616 0.001970214711499496
0.07633658551797101 0.4535232883942253 -0.0007280556034832131
0.07579047299406688 0.457412120865281 -0.0007332742545425042
0.07547036758988462 0.4593493474264733 -0.02506377660229053
0.0748755819687926 0.4630101684310002 -0.02252337937187687
0.07463286529150187 0.4647385384181361 -0.000979256948820062
0.07411931140797864 0.469071534049958 0.0207354163980018
0.07359233582882518 0.4736226153303961 0.02363076311444456
0.07320835199757972 0.4766527085465051 0.01293143610759584
0.07265176724951528 0.4805400560090975 -0.003253195192636227
0.07228450480777097 0.482690582801084 -0.03031335407733637
0.07167835831969577 0.48612821035893 -0.03594030268176018
0.0711804165798567 0.4891416738985624 -0.02531567669984502
0.07074278635790227 0.4923847721013939 0.004339357344285144
0.07025258087438815 0.4967204712746071 0.02610888355247498
0.06973905372965633 0.5014925758672364 0.03179597035647252
0.0692254998461331 0.5058255714990583 0.02120614173939406
0.06870034357978778 0.509717289342456 0.005085708675967249
0.06817769745488481 0.5131685989228315 -0.01115338603973748
0.06761789922326877 0.5166140775153275 -0.02208382491229632
0.06705810099165274 0.5200595561078235 -0.02224288480165426
0.06657683681890582 0.5232964668202786 -0.008835502958234098
0.06604120048090771 0.5271867560884588 0.001954076964486351
0.06554750698359212 0.5310825902234562 0.01283327450558125
0.06503746397130337 0.5351962482622896 0.01566381060097632
0.06447725867137478 0.5395234596921369 0.01037343075782005
0.0639713799077099 0.5431976217787515 0.002311641537760423
0.06343582991400715 0.5468675763515615 -0.005815345307475406
0.06287064365618078 0.550533083800225 -0.01400912496592888
0.06235729520525072 0.5539857885601772 -0.008689136544421938
0.06182174521154796 0.557655743132987 -0.006045514048960365
0.06129658894520263 0.5615474609763849 0.004770062625895743
0.06081050947050596 0.5652242948190438 0.00752652426902567
0.06023865126498047 0.5695499816927602 0.007602081054269627
0.05974267034676543 0.5732254929893025 0.004950917751109563
0.0591965578228613 0.5771143254603581 -0.0004399096950011838
0.05867089444968933 0.5807857091750288 -0.003160772168712356
0.05813534445598657 0.5844556637478387 -0.005905927127183519
0.0576096810828146 0.5881270474625094 -0.003241166856601474
0.0570939081435718 0.5917998336851732 -0.0005526863538967142
0.05654779561966768 0.5956886661562288 -0.0005580027337177551
0.05604191685600278 0.5993628282428436 0.002154984114883352
0.05550628051800468 0.6032531175110237 0.002176108347375694
0.05497064418000657 0.607143406779204 0.002197650819586894
0.05445487124076378 0.6108161930018677 -0.0005004373957726571
0.05314825592850632 0.6194444669528067 -0.0115301139199151
0.0522380683886661 0.6259258544045662 -0.0007695850478250943
0.0515728683574867 0.6324369475213957 0.03758935367454419
0.05129221543058526 0.6352591873545538 0.04059285876569407
0.05083712166066515 0.6384998810804335 0.0001934373022900449
0.05023247811943202 0.64215908680713 -0.0242940395145923
0.04970209994236621 0.6451670109202453 -0.03536655230469088
0.04918793252392419 0.6481777484290263 -0.03023745550845924
0.04867458407299412 0.6516304531889785 -0.008776417511813905
0.04819840956805482 0.6553085829043487 0.01018483301381079
0.04770820408454071 0.659644282077562 0.02667972419499098
0.04718122850538725 0.664195363358 0.02431035362750933
0.04667118549309852 0.6683090213968335 0.0164309668856546
0.04614552211992655 0.6719804051115041 -0.002450026367389446
0.04557046521209838 0.6756443769884435 -0.01609729815042371
0.04503695620512797 0.678873087923764 -0.02442149922126235
0.04448644007702569 0.682320061782697 -0.01924179953159455
0.04395089008332293 0.6859900163555069 -0.005842300588369875
0.04342976916948981 0.6901022857202264 0.01318391684998277
0.04294189298014273 0.6942186315704572 0.02154957799124491
0.04244293156947966 0.6983336484410803 0.01911272654426566
0.04187107336395417 0.7026593353147967 0.008460264120707439
0.04137633136567468 0.7061147552815455 -0.00234058224501088
0.04084439135830868 0.7095646446449936 -0.0132702952794499
0.0402693344504805 0.713228616521933 -0.01616814917401399
0.03974668832557754 0.7166799261023086 -0.01091287169514832
0.03922102495240556 0.7203513098169794 -0.002869847277952031
0.03870635256743261 0.7242444280033241 0.008015252835695152
0.03821265907011702 0.7281402621383214 0.01359377302779641
0.03768046403518486 0.7322511129966763 0.01106746778865642
0.03715530776883953 0.7361428308400741 0.005764367892701738
0.03658825483433072 0.7400286650936376 -0.005084198109111426
0.03604282210521754 0.7436971639010868 -0.007889055431724357
0.03551088209785154 0.7471470532645348 -0.01345736234382167
0.03493336509055524 0.7510313461194809 -0.008196604371090155
0.03447827132063513 0.7542720398453606 -0.0001179111651476994
0.03393500602538591 0.7583814423753912 0.008097587589135147
0.03340281099045374 0.7624922932337461 0.01097749026766337
0.03285954569520452 0.7666016957637768 0.008429767879761574
0.03232390935720642 0.7704919850319569 0.003094506589353951
0.03182916735892691 0.7739474049987058 -0.002327363720181053
0.03114102219879906 0.7782561223223721 -0.01884805458619954
0.03036300402938448 0.7832132607441136 -0.01652493576975367
0.02964436560764289 0.78795881141713 -0.01138780031129638
0.02897689474509339 0.7927118288817536 -0.0006282466514204721
0.02836066891517193 0.7974717614545856 0.01038349592596721
0.02760452914939226 0.805289259785984 0.04440938944150075
0.02712661490408235 0.8098457542780588 0.03719549632225805
0.02665391462029629 0.8137441913133859 0.02147403513219648
0.02609732987223184 0.8176315387759784 -7.48007679732e-05
0.025409184712104 0.8219402560996446 -0.0166290917909937
0.02465222503596334 0.8266798451556776 -0.01708498203366027
0.02403158276264106 0.8307782752823736 -0.009223135143682226
0.02350642649629572 0.8346699931257714 0.007100457224175072
0.02302034702159906 0.8383468269684303 0.0100163203237964
0.02248471068360096 0.8422371162366105 0.004743584694603564
0.02192812593553652 0.8461244636992029 -0.0006594854915924486
0.02141477748460646 0.8495771684591551 -0.00618521110591197
0.02090142903367641 0.8530298732191072 -0.006330650487980316
0.0204066870353969 0.8564852931858561 -0.000966559686017554
0.01993056584606526 0.8599433280909051 0.004529326778775156
0.01947547207614515 0.8631840218167849 0.001879392346959996
0.01901165145275811 0.866423478035612 -0.0008337606267874165
0.01851690945447861 0.8698788980023608 -0.0008559041895266351
0.01808401020598406 0.872902390473266 -0.0008762676192399788
0.01768959560538662 0.8757109917023619 0.001858193484539195
0.01726484142012785 0.8787356391798496 0.00190452913976058
0.01686286354652576 0.881543167902833 -0.0008075794923148027
0.01645332531604718 0.8843496037526289 -0.00358598948190636
0.01605134744244507 0.8871571324756125 -0.0009147904183939293
0.01568029094373545 0.8897486974506741 -0.0009362963344123898
0.0153465555124607 0.8921252061829859 0.001795812800361452
0.01498248049652461 0.8947177611636896 0.001840022821577136
0.01458050262292252 0.897525289886673 -0.000876769913844555
0.01424676719164777 0.8999017986189848 0.001859758303238923
0.01394337134503436 0.9020622611029047 0.001900772686652674
0.01360323622121721 0.9044378623300445 -0.0008123432735145375
0.01325670387235072 0.9068125388183333 -0.003595135078332534
0.01294167446429027 0.9089713356258685 -0.003680440792300788
0.01263827861767686 0.9111317981097884 0.001747851136230327
0.01233488277106345 0.9132922605937083 0.001791390604515497
0.01203148692445005 0.915452723077628 0.001837154646158634
0.01178877024715933 0.9171810930647639 0.001875484532497085
0.01151047787312711 0.9191247667960601 -0.0008375843346020151
0.01122695140587269 0.921067683922842 -0.0036179541397936
0.01094865903184048 0.9230113576541381 -0.0009478892340950562
0.01067560276988841 0.924955773889666 0.001790735535492471
0.01043288609259769 0.9266841438768019 0.001832939912486342
0.01019016941530696 0.9284125138639377 0.001877181665062011
0.009973719791059673 0.9299242600993904 -0.0008338382749935036
0.009726348791919925 0.9316519700827649 -0.0008549187123143565
0.009478977792780164 0.9333796800661394 -0.0008770926727084127
0.009266600700150784 0.9348920038048832 0.001858494829485746
0.00905015107590351 0.9364037500403358 -0.0008547636792752833
0.008864622826548697 0.9376995325278666 -0.0008725440534127493
0.008617251827408936 0.9394272425112411 -0.0008974347145032091
0.008431723578054122 0.9407230249987719 -0.0009170550178483339
0.008219346485424743 0.9422353487375158 0.001822848660205212
0.008037308977456697 0.9435316262278677 0.001864682581777188
0.007820859353209423 0.9450433724633203 -0.0008515261316901501
0.007635331103854608 0.9463391549508511 -0.0008720910309205632
0.007449802854499794 0.9476349374383819 -0.0008936738235285624
0.00726427460514498 0.9489307199259127 -0.0009163520007202663
0.007112576681838266 0.9500109511678727 0.001815448532987762
0.00693053917387022 0.9513072286582246 0.001863765843507892
0.006775932299407878 0.9523870473978336 -0.0008484613375840944
0.006618417595377658 0.9534664458016012 -0.003624071110182259
0.006463810720915305 0.9545462645412103 -0.0009527739799559676
0.006312112797608606 0.9556264957831702 0.001782998792180024
0.006163324925942469 0.956707131690998 0.004588071892894341
0.006011627002635769 0.9577873629329579 0.001943134059795071
0.005885615239411598 0.9586508816559719 -0.003515637482974787
0.005759603476187401 0.9595144003789862 -0.003590661286390961
0.00560499660172506 0.9605942191185952 -0.0009218421664571874
0.00545329867841836 0.9616744503605551 0.001821487096934638
0.005331940339772992 0.9625386353541231 0.001863495344545996
0.005210582001127636 0.963402820347691 0.001907486971424621
0.005084570237903451 0.9642663390707051 -0.003563454218492579
0.004958558474679279 0.9651298577937192 -0.003651745288687058
0.00486579435000186 0.9657777490374847 -0.0009764815670247895
0.00471409642669516 0.9668579802794446 0.001772875281346398
0.004624823703695474 0.9675063618241413 0.00455534822620951
0.004533804949711464 0.9681545005693172 0.001899823985547222
0.004407793186487279 0.9690180192923313 -0.003584232978777635
0.004281781423263107 0.9698815380153454 -0.003687049978416734
0.004189017298585687 0.9705294292591109 -0.001015488340446069
0.004097998544601664 0.9711775680042869 0.001715643752066232
0.004008725821601991 0.9718259495489835 0.004510456153285602
0.003917707067617956 0.9724740882941595 0.001859820625721653
0.003824942942940549 0.9731219795379249 -0.0008536847094227085
0.003730434120522426 0.9737696185801854 -0.003634718968844597
0.003637669995845006 0.9744175098239509 -0.0009651521155591425
0.003546651241860997 0.9750656485691268 0.001773169931103213
0.003485972072538307 0.9754977410659108 0.001804431441704057
0.003393207947860913 0.9761456323096761 -0.0009131259275627635
0.003331365198075966 0.9765775598055197 -0.0009299668921289861
0.003207679698506099 0.9774414147972069 -0.0009655838029072328
0.003145836948721152 0.9778733422930506 -0.0009844353040049381
0.003083994198936206 0.9783052697888942 -0.001004037553700821
0.002992975444952196 0.9789534085340701 0.001741383883236747
0.002932296275629518 0.979385501030854 0.001777875164518772
0.002871617106306828 0.979817593527638 0.001815928552581836
0.002778852981629421 0.9804654847714034 -0.000906587503939571
0.002717010231844487 0.9808974122672469 -0.000927089010436255
0.002655167482059553 0.9813293397630904 -0.0009485392095942569
0.002593324732274607 0.9817612672589341 -0.0009710055111853411
0.002531481982489673 0.9821931947547776 -0.0009945618663498301
0.002469639232704739 0.9826251222506212 -0.001019289580783234
0.002439299648043394 0.9828411684990132 0.001695193484058111
0.002378620478720716 0.983273260995797 0.0017389736883755
0.002317941309398026 0.983705353492581 0.001785075182316964
0.002225177184720619 0.9843532447363464 -0.0009459509728984017
0.002193674243914583 0.9845691244170999 -0.003690302331062378
0.002162752869022122 0.9847850881650216 -0.001011045145001832
0.002071734115038088 0.9854332269101976 0.001757201232203132
0.002071734115038088 0.9854332269101976 0.001757201232203132
0.00201105494571541 0.9858653194069815 0.001810904514636169
0.001950375776392732 0.9862974119037654 0.001867993817219249
0.001919454401500259 0.9865133756516873 -0.000838634630834223
0.001857611651715313 0.9869453031475309 -0.0008663851114074639
0.001826108710909276 0.9871611828282844 -0.003619682098357169
0.00176310282929719 0.9875929421897914 -0.003745712905307563
0.001702423659974501 0.9880250346865754 0.001700307517635391
0.00167266608564128 0.9882411618681409 0.004474422455740923
0.001642326500979935 0.9884572081165329 0.001814339743909432
0.001611405126087475 0.9886731718644547 -0.0008958325774390818
0.001549562376302528 0.9891050993602983 -0.0009313525066971806
0.001549562376302528 0.9891050993602983 -0.0009313525066971806
0.001487719626517594 0.9895370268561419 -0.0009698054742692808
0.001457380041856249 0.9897530731045339 0.001759935280359004
0.001426458666963788 0.9899690368524556 -0.000953574218689246
0.001364615917178842 0.9904009643482993 -0.0009964882610038472
0.001364615917178842 0.9904009643482993 -0.0009964882610038472
0.001364615917178842 0.9904009643482993 -0.0009964882610038472
0.001334276332517509 0.9906170105966912 0.00173598361109395
0.001334276332517509 0.9906170105966912 0.00173598361109395
0.001334276332517509 0.9906170105966912 0.00173598361109395
0.001334276332517509 0.9906170105966912 0.00173598361109395
0.001334276332517509 0.9906170105966912 0.00173598361109395
0.001334276332517509 0.9906170105966912 0.00173598361109395
0.001334276332517509 0.9906170105966912 0.00173598361109395
0.001334276332517509 0.9906170105966912 0.00173598361109395
0.001334276332517509 0.9906170105966912 0.00173598361109395
0.001334276332517509 0.9906170105966912 0.00173598361109395
0.001334276332517509 0.9906170105966912 0.00173598361109395
0.001334276332517509 0.9906170105966912 0.00173598361109395
0.001334276332517509 0.9906170105966912 0.00173598361109395
0.001334276332517509 0.9906170105966912 0.00173598361109395
0.001334276332517509 0.9906170105966912 0.00173598361109395
0.001334276332517509 0.9906170105966912 0.00173598361109395
0.001334276332517509 0.9906170105966912 0.00173598361109395
0.001334276332517509 0.9906170105966912 0.00173598361109395
0.001303354957625036 0.990832974344613 -0.000979984640959719
0.001303354957625036 0.990832974344613 -0.000979984640959719
0.001303354957625036 0.990832974344613 -0.000979984640959719
0.001303354957625036 0.990832974344613 -0.000979984640959719
0.001303354957625036 0.990832974344613 -0.000979984640959719
0.001303354957625036 0.990832974344613 -0.000979984640959719
0.001303354957625036 0.990832974344613 -0.000979984640959719
0.001303354957625036 0.990832974344613 -0.000979984640959719
0.001303354957625036 0.990832974344613 -0.000979984640959719
0.001303354957625036 0.990832974344613 -0.000979984640959719
0.001303354957625036 0.990832974344613 -0.000979984640959719
0.001303354957625036 0.990832974344613 -0.000979984640959719
0.001303354957625036 0.990832974344613 -0.000979984640959719
0.001303354957625036 0.990832974344613 -0.000979984640959719
0.001303354957625036 0.990832974344613 -0.000979984640959719
0.001303354957625036 0.990832974344613 -0.000979984640959719
0.001303354957625036 0.990832974344613 -0.000979984640959719
0.001303354957625036 0.990832974344613 -0.000979984640959719
0.001303354957625036 0.990832974344613 -0.000979984640959719
0.001303354957625036 0.990832974344613 -0.000979984640959719
0.001303354957625036 0.990832974344613 -0.000979984640959719
0.001303354957625036 0.990832974344613 -0.000979984640959719
0.001303354957625036 0.990832974344613 -0.000979984640959719
0.001303354957625036 0.990832974344613 -0.000979984640959719
0.001303354957625036 0.990832974344613 -0.000979984640959719
0.001303354957625036 0.990832974344613 -0.000979984640959719
0.001303354957625036 0.990832974344613 -0.000979984640959719
0.001303354957625036 0.990832974344613 -0.000979984640959719
0.001303354957625036 0.990832974344613 -0.000979984640959719
0.001303354957625036 0.990832974344613 -0.00097998464095971