10.86960440108936 0.0009000301361083984
10.86960440108936 0.009099960327148438
10.86960440108936 0.01880025863647461
10.87047725610124 0.03100013732910156
10.72298357525684 0.04150009155273438
10.75752422056552 0.05390000343322754
10.58190798650765 0.06400012969970703
10.27872193697609 0.07570004463195801
10.3466193937799 0.08680009841918945
10.12979471453659 0.09640002250671387
9.912775548242966 0.1065001487731934
9.979614087828319 0.1184000968933105
9.875730958339188 0.1294000148773193
9.677857723072156 0.1403999328613281
9.727438063600101 0.1513001918792725
9.625871079038751 0.1619000434875488
9.416913494951256 0.1749000549316406
9.482221440818623 0.1868999004364014
9.3387569241051 0.1990001201629639
9.198640342444975 0.2110002040863037
9.039541390245287 0.223599910736084
9.08757577716667 0.2369000911712646
8.964925223037159 0.2488002777099609
8.780660883779134 0.2599000930786133
8.828026349243194 0.2706000804901123
8.708385400553116 0.283099889755249
8.590131177624619 0.2950000762939453
8.425148783278109 0.3090999126434326
8.471549803884074 0.3193001747131348
8.340675133381028 0.3308999538421631
8.165815591591118 0.3422000408172607
8.226731245124615 0.3524000644683838
8.113982506479703 0.3631000518798828
7.942574691238637 0.374500036239624
7.987584216101409 0.3868999481201172
7.877534447022918 0.3965001106262207
7.709719568777864 0.408599853515625
7.754019832334497 0.4205999374389648
7.619244683458763 0.4321000576019287
7.455347483689977 0.442500114440918
7.513373986498461 0.4551000595092773
7.394209653650401 0.4663999080657959
7.266180707919437 0.4780001640319824
7.119791079865447 0.4916000366210938
7.162179391821239 0.5044000148773193
7.047241369348288 0.5164000988006592
6.868469334262042 0.5262000560760498
6.782378590591257 0.538599967956543
6.660383538666242 0.5580000877380371
6.701158351082475 0.5719001293182373
6.616688251995393 0.5833001136779785
6.487537066683519 0.596099853515625
6.363460258400353 0.6096999645233154
6.389885607576028 0.6212000846862793
6.297227762044083 0.6332001686096191
6.170619156046619 0.6453001499176025
6.039919849429494 0.6595001220703125
5.938271119339468 0.6723001003265381
5.827256854036222 0.6883001327514648
5.740454301918792 0.7069001197814941
5.642322377811716 0.7213001251220703
5.679062029434968 0.7376999855041504
5.593808583458292 0.7476000785827637
5.461463349037912 0.7595999240875244
5.49741116893041 0.7720000743865967
5.39212940412217 0.7841999530792236
5.280143989767412 0.7965998649597168
5.18205886130503 0.8077001571655273
5.21673832330082 0.8201999664306641
5.115094068675539 0.8318002223968506
4.990514688562932 0.8434000015258789
4.891793480851712 0.8566000461578369
4.814572799050667 0.8748002052307129
4.727317291196663 0.8885002136230469
4.62139239490238 0.9056999683380127
4.653345026169847 0.9228000640869141
4.610323141147669 0.9356000423431396
4.498830936546796 0.9458999633789063
4.402047650880904 0.9592001438140869
4.309605603068043 0.973599910736084
4.219864782539303 0.9883999824523926
4.259662214210472 1.005599975585938
4.187487523237397 1.017800092697144
4.092428503703881 1.028300046920776
4.001659912893018 1.04259991645813
3.906740240518468 1.055500030517578
3.944174956325575 1.072700023651123
3.867405270112919 1.084700107574463
3.784890450921684 1.096199989318848
3.69885155099329 1.109800100326538
3.716705759166162 1.121200084686279
3.643905010489006 1.132400035858154
3.563322350254201 1.146899938583374
3.465936575847481 1.158300161361694
3.491299879724945 1.171200037002563
3.42026841916079 1.184800148010254
3.343851962960048 1.195500135421753
3.264957527083798 1.208899974822998
3.289015998085132 1.221199989318848
3.213603235306202 1.234000205993652
3.147075610620618 1.246300220489502
3.064733419015006 1.25980019569397
3.087433954327912 1.272500038146973
3.021834587554165 1.285099983215332
2.944568772624795 1.297399997711182
2.872642718295993 1.31000018119812
2.810127334680263 1.32230019569397
2.831007608522595 1.340100049972534
2.775960279132797 1.352200031280518
2.696707211645446 1.365099906921387
2.635500786547166 1.376700162887573
2.64852613329989 1.389100074768066
2.596202728021655 1.400500059127808
2.531965659638593 1.412600040435791
2.462200958001562 1.426700115203857
2.480399433476752 1.438199996948242
2.423941693096548 1.4514000415802
2.357492041651509 1.463300228118896
2.297158471453153 1.477099895477295
2.233106124754785 1.489800214767456
2.18625335388289 1.507500171661377
2.202113201849464 1.521500110626221
2.15570426308091 1.535599946975708
2.094895574898354 1.546200037002563
2.055155098503131 1.561300277709961
1.992210576423684 1.576500177383423
1.935701763683872 1.589800119400024
1.949218910766001 1.606800079345703
1.907208821950563 1.618599891662598
1.847949458784841 1.630500078201294
1.800050984174965 1.644000053405762
1.748793515201692 1.655600070953369
1.702803721831494 1.674300193786621
1.717621268053915 1.689700126647949
1.680348823357746 1.700599908828735
1.635779042957339 1.712500095367432
1.590518193501369 1.726500034332275
1.59704682388766 1.739399909973145
1.562153932875489 1.752300262451172
1.514581257451416 1.765000104904175
1.47722359355165 1.777699947357178
1.442831933253288 1.79069995880127
1.450787951357654 1.807100057601929
1.41403091830786 1.817500114440918
1.375682908790077 1.831099987030029
1.352012359113278 1.846000194549561
1.315639893182398 1.859600067138672
1.285139850250316 1.874800205230713
1.255400713742677 1.889400005340576
1.231020768269581 1.906700134277344
1.206179423069154 1.9235999584198
1.180529170305629 1.940599918365479
1.159452436486254 1.95770001411438
1.136615678764449 1.97570013999939
1.117003055158921 1.991000175476074
1.098709992976702 2.008700132369995
1.082281860267235 2.024700164794922
1.083938510941859 2.041100025177002
1.067790249097797 2.052700042724609
1.049865419326149 2.064800262451172
1.038741425389529 2.079099893569946
1.026835276146675 2.095000028610229
1.01602142823108 2.107800245285034
1.008001870813547 2.123800277709961
1.000258460022656 2.14080023765564
0.9924611510993506 2.157700061798096
0.9902928641197423 2.173700094223022
0.9820306776500242 2.187000036239624
0.9742468132305395 2.197400093078613
0.9713226227037129 2.210200071334839
0.968270069389798 2.22409987449646
0.9605578133999427 2.237000226974487
0.9516428431291554 2.248500108718872
0.9493788771887085 2.261500120162964
0.941754461953719 2.273400068283081
0.9376121428325289 2.289499998092651
0.930414012551335 2.301300048828125
0.9219995074244017 2.314300060272217
0.9190653637573939 2.327500104904175
0.9129253101649268 2.3403000831604
0.9044110351216813 2.359099864959717
0.8988273773236239 2.37470006942749
0.8911799342880816 2.390399932861328
0.8857968409782742 2.408099889755249
0.8794569432346638 2.420700073242188
0.8702717527443198 2.432199954986572
0.8671336236952927 2.445899963378906
0.8607991060287564 2.45930004119873
0.8548150005602061 2.473400115966797
0.8475727557602218 2.491700172424316
0.8406850147761016 2.507600069046021
0.8338383289998738 2.524700164794922
0.8270329132748373 2.543300151824951
0.8236976628217962 2.557899951934814
0.8170832736408856 2.56850004196167
0.8090357110392424 2.581500053405762
0.8057450191326321 2.594300270080566
0.799599044920314 2.608800172805786
0.7964013168397518 2.624200105667114
0.7894090783705806 2.636600017547607
0.7812487989761741 2.649300098419189
0.7786698426878282 2.662899971008301
0.7731784682968064 2.675000190734863
0.7693132576183225 2.691800117492676
0.762847707985232 2.703500032424927
0.7548396479596262 2.717300176620483
0.7491520524298456 2.730300188064575
0.7463052961122768 2.746099948883057
0.7427492227531105 2.757200002670288
0.7363674377997426 2.771100044250488
0.7285283598018785 2.782300233840942
0.7263520345078039 2.796099901199341
0.720911263528068 2.81000018119812
0.7142677268121327 2.825099945068359
0.7100372610253903 2.841800212860107
0.7042319971307849 2.853300094604492
0.6966200391323957 2.867899894714355
0.6911149062763395 2.881800174713135
0.6880167096722964 2.89520001411438
0.6819734402783064 2.908200025558472
0.6762255380831934 2.925300121307373
0.6700525492051091 2.942700147628784
0.6635013265737485 2.959100008010864
0.6574256020452354 2.974300146102905
0.6510191862126222 2.992300271987915
0.6446976599261637 3.008800268173218
0.6387502018966388 3.025800228118896
0.6324885779652692 3.041500091552734
0.626612399519681 3.058700084686279
0.6207452527226045 3.075200080871582
0.6145727294257206 3.092099905014038
0.6084310486630604 3.108700037002563
0.6026682583719593 3.125699996948242
0.5969142832349937 3.142000198364258
0.5908617031242879 3.159000158309937
0.5851831650965733 3.175099849700928
0.579513239469683 3.192800045013428
0.5735497600274174 3.208199977874756
0.5676171231257692 3.225500106811523
0.5620475060588743 3.244000196456909
0.5564951849191583 3.258399963378906
0.5506516484721364 3.275800228118896
0.5448389545661589 3.291500091552734
0.5393870662999535 3.309000015258789
0.5339436093825437 3.326099872589111
0.5282200161716543 3.342700004577637
0.5259821784579654 3.359099864959717
0.5204997786970703 3.372000217437744
0.5136236814893451 3.383300065994263
0.5112590355444331 3.397000074386597
0.5064998491674622 3.409899950027466
0.5009303876119724 3.42519998550415
0.4890634654312082 3.458100080490112
0.4791846290008115 3.487800121307373
0.4691109284146854 3.52239990234375
0.4655436555308929 3.535700082778931
0.461099058247525 3.550099849700928
0.4567273514754435 3.565300226211548
0.4512571153303526 3.581200122833252
0.4458730826193809 3.597399950027466
0.4408933492099766 3.613300085067749
0.4356542360512583 3.631099939346313
0.4304857274147916 3.647700071334839
0.4284556555588297 3.66320013999939
0.4237592931194729 3.676300048828125
0.4184198623351582 3.691200017929077
0.4140979707548872 3.709200143814087
0.4088958913062054 3.726900100708008
0.4037802235597516 3.742599964141846
0.3987521453020397 3.759599924087524
0.3940769992267569 3.775599956512451
0.3891620441621714 3.794000148773193
0.3845582129791562 3.809200048446655
0.3797033775051515 3.825400114059448
0.3751366131712309 3.843700170516968
0.3703416015845591 3.859500169754028
0.3655774325698523 3.877399921417236
0.3611162753646777 3.892500162124634
0.3566626361498709 3.909300088882446
0.3519875680239756 3.927099943161011
0.347610706437582 3.942399978637695
0.3432410744381884 3.960099935531616
0.3386551072494126 3.976500034332275
0.3340999826537976 3.993400096893311
0.3300768755623563 4.009200096130371
0.3255800092042762 4.026599884033203
0.3211139854458627 4.042500019073486
0.3169287317991469 4.059599876403809
0.3127623027547772 4.0764000415802
0.3083853794681137 4.094099998474121
0.3042843137903372 4.109300136566162
0.3002019974061624 4.127099990844727
0.2959141745874873 4.143800258636475
0.2916571943737442 4.160200119018555
0.287669426271161 4.176200151443481
0.2837003707966463 4.193599939346313
0.2795324910481732 4.211000204086304
0.2753954539088008 4.226599931716919
0.271520984457862 4.244099855422974
0.2676651888004401 4.260900020599365
0.2636172521232635 4.276300191879272
0.2598328146287331 4.293600082397461
0.2560553412813004 4.310800075531006
0.2520965057321848 4.328099966049194
0.2481685128140543 4.343199968338013
0.2447028561356134 4.360800266265869
0.2408331215307822 4.378900051116943
0.2369942295681586 4.393500089645386
0.2331861802519383 4.411200046539307
0.2294089735864891 4.427099943161011
0.2258740658682929 4.44350004196167
0.2223583829097503 4.460300207138062
0.2188785624260291 4.47819995880127
0.215219664354406 4.493599891662598
0.2117879684020772 4.510500192642212
0.2081889621517909 4.52810001373291
0.2048225634028848 4.544500112533569
0.2014749726804235 4.561700105667114
0.1979650668921127 4.577200174331665
0.1944860037572196 4.597800254821777
0.1912389579755703 4.610200166702271
0.1879986340198442 4.627599954605103
0.1846086722915427 4.64490008354187
0.1812495532510656 4.661700010299683
0.1781095007279904 4.677500009536743
0.1749886796387383 4.696700096130371
0.1717186610888243 4.710599899291992
0.1686628038280137 4.729000091552734
0.1654528447138922 4.746000051498413
0.1624451468275658 4.760599851608276
0.1594736309508172 4.777699947357178
0.1563586383549323 4.794399976730347
0.1534291018240982 4.811800241470337
0.1503681267179698 4.827200174331665
0.1475097659603639 4.846500158309937
0.1446704117129804 4.861500024795532
0.1416985370770674 4.878700017929077
0.1387575051644795 4.894300222396851
0.1358473159841958 4.912000179290771
0.1332863738290739 4.927599906921387
0.1304344431693851 4.944500207901001
0.1276133552707851 4.96150016784668
0.1251316142803873 4.978100061416626
0.122368784961184 4.994300127029419
0.1196367984367529 5.010500192642212
0.117088933438401 5.027300119400024
0.1144170182630556 5.04580020904541
0.1119175813734161 5.061300277709961
0.1094540924632215 5.078000068664551
0.1070095828568257 5.095700025558472
0.1044557963390444 5.111200094223022
0.1019328526180828 5.129600048065186
0.09944075170812849 5.145699977874756
0.09725144364168441 5.161800146102905
0.09481760141669164 5.178600072860718
0.09241460204899964 5.195899963378906
0.09004244555670954 5.212700128555298
0.08795975480787621 5.228700160980225
0.08564585713397053 5.245700120925903
0.08336280239489885 5.263400077819824
0.08123885539364285 5.279700040817261
0.07913447662025938 5.295900106430054
0.07694052244538911 5.313000202178955
0.07490768344630631 5.329699993133545
0.07288059816014639 5.345800161361694
0.0707757473468295 5.362900018692017
0.06870173966391527 5.378700017929077
0.06677487981797034 5.397700071334839
0.06476096060846338 5.41480016708374
0.06288331092701187 5.42930006980896
0.06104088499913987 5.446000099182129
0.05921814151474652 5.462899923324585
0.05732233338920097 5.479099988937378
0.05545736842935226 5.496700048446655
0.05362324667979706 5.512200117111206
0.05192318200199045 5.529599905014038
0.04990874755778205 5.545500040054321
0.04781064849011791 5.562700033187866
0.04557502427158444 5.578500032424927
0.0435625049630529 5.596699953079224
0.04133396672180101 5.614500045776367
0.03905901526545055 5.632699966430664
0.03748150562661401 5.65090012550354
0.0357243275899884 5.666399955749512
0.03372614302652772 5.68560004234314
0.03197038495963871 5.700900077819824
0.03032697304646296 5.717200040817261
0.0288693005670955 5.733599901199341
0.02755206912434712 5.75
0.02623797876705153 5.766400098800659
0.02498120536308608 5.785800218582153
0.02375527470059137 5.800699949264526
0.02269145124743421 5.818800210952759
0.02165199740589963 5.833899974822998
0.02058342785012792 5.849600076675415
0.01959470268430351 5.868099927902222
0.01867996426522393 5.884099960327148
0.01773799431926783 5.901500225067139
0.01693376178621099 5.918099880218506
0.01614818774015564 5.934500217437744
0.015381272247914 5.951000213623047
0.01463301538483858 5.968100070953369
0.01390341723616606 5.983400106430054
0.01325306912533227 6.003000020980835
0.0125980312113269 6.018800258636475
0.01201721788589407 6.033599853515625
0.01145011359355777 6.051000118255615
0.01089671846119771 6.068099975585938
0.01044602822878487 6.084700107574463
0.009917766942587747 6.100500106811523
0.009449429039110467 6.117399930953979
0.008984805224573119 6.134599924087524
0.00857600143016605 6.151300191879272
0.008176718317121969 6.168099880218506
0.007786956024290611 6.183200120925903
0.007406714708341756 6.201000213623047
0.0070763200893149 6.218199968338013
0.006746184831355946 6.234699964523315
0.006431395114731661 6.251700162887573
0.006116495410082932 6.267400026321411
0.005846571187996964 6.283500194549561
0.005554184355404313 6.301000118255615
0.005297403689356148 6.317399978637695
0.005052821418105843 6.333300113677979
0.004827712389722961 6.353000164031982
0.004588252407564826 6.369699954986572
0.004354886446896236 6.386000156402588
0.004159540009072439 6.402899980545044
0.003961073826841504 6.418800115585327
0.003798043923537232 6.436100006103516
0.003586003295233783 6.452300071716309
0.003430972389659849 6.46970009803772
0.003279369812059921 6.485599994659424
0.003110543194208456 6.501600027084351
0.002966549977928873 6.51990008354187
0.002825999076194404 6.535099983215332
0.002706964516677474 6.552500009536743
0.002572491115855568 6.568599939346313
0.002441445932822512 6.585800170898438
0.002313829107895186 6.602200031280518
0.002230655946201697 6.617200136184692
0.002108753418868215 6.636100053787231
0.002029389964417511 6.653599977493286
0.001913202296316374 6.670000076293945
0.001837648970531692 6.68530011177063
0.001749205609734413 6.702200174331665
0.001655338073693664 6.719300270080566
0.001585115592244306 6.736300230026245
0.001516417396387852 6.752900123596191
0.001436610239695078 6.770000219345093
0.001371529555470435 6.784500122070313
0.001287790417591647 6.803900003433228
0.001225943536992905 6.81850004196167
0.001165621006536049 6.836899995803833
0.001125579706739384 6.852800130844116
0.00107793200376147 6.869000196456909
0.001021417443350615 6.884500026702881
0.0009664274886781669 6.90310001373291
0.0009129623177348522 6.919000148773193
0.0008868015889986306 6.936899900436401
0.0008356239874840228 6.952399969100952
0.0007859717434674998 6.971099853515625
0.0007617177213332856 6.986400127410889
0.0007143540847461792 7.002500057220459
0.0006912445639414474 7.019200086593628
0.0006609153355802825 7.03600001335144
0.0006241057095270858 7.053800106048584
0.0005956887786077005 7.068399906158447
0.0005603913028883831 7.086300134658813
0.0005399463450154818 7.10290002822876
0.0005198830515927908 7.118499994277954
0.000494416174202492 7.136100053787231
0.0004618754936376994 7.152899980545044
0.0004433350911438729 7.169700145721436
0.0004251764934170956 7.186899900436401
0.000407399790788112 7.201600074768066
0.0003854022956013076 7.21970009803772
0.0003687635880899433 7.236400127410889
0.0003525201605835913 7.255200147628784
0.0003239626438800106 7.27020001411438
0.0003264231133301877 7.286700010299683
0.0003116396776608806 7.302300214767456
0.0002934715294474951 7.319599866867065
0.000275637177558041 7.33650016784668
0.0002617110198846013 7.353600025177002
0.0002502150733285477 7.369500160217285
0.0002366234371074628 7.386500120162964
0.000223413891840422 7.4028000831604
0.0002105865986684939 7.42080020904541
0.0001981417441104338 7.436700105667114
0.0001963758745523992 7.454800128936768
0.0001860306291862593 7.469200134277344
0.0001743480479800921 7.486300230026245
0.0001630483294915197 7.503599882125854
0.0001683030422697857 7.520800113677979
0.0001313363381486315 7.573600053787231
0.0001134235305559746 7.625200033187866
0.0001134235305559746 7.644500017166138
0.0001134235305559746 7.662100076675415
9.41661824363e-05 7.680200099945068
9.41661824363e-05 7.70169997215271
9.41661824363e-05 7.719800233840942
9.63255363084e-05 7.735200166702271
9.63255363084e-05 7.752200126647949
9.63255363084e-05 7.770000219345093
9.63255363084e-05 7.785900115966797
9.63255363084e-05 7.803000211715698
9.63255363084e-05 7.820000171661377
9.63255363084e-05 7.836400032043457
9.63255363084e-05 7.853500127792358
8.58698365e-05 7.869400024414063
8.58698365e-05 7.886800050735474
8.58698365e-05 7.903899908065796
8.58698365e-05 7.919500112533569
8.58698365e-05 7.936399936676025
8.58698365e-05 7.952899932861328
8.58698365e-05 7.970400094985962
8.58698365e-05 7.985899925231934
8.58698365e-05 8.002500057220459
8.58698365e-05 8.019700050354004
8.58698365e-05 8.03659987449646
8.58698365e-05 8.055099964141846
8.58698365e-05 8.070300102233887
8.58698365e-05 8.08870005607605
8.58698365e-05 8.104900121688843
8.58698365e-05 8.121800184249878
8.58698365e-05 8.137500047683716
8.58698365e-05 8.154900074005127
8.58698365e-05 8.171599864959717
8.58698365e-05 8.187599897384644
8.58698365e-05 8.204400062561035
8.58698365e-05 8.22130012512207
8.58698365e-05 8.242300271987915
8.58698365e-05 8.2600998878479
8.58698365e-05 8.276400089263916
8.58698365e-05 8.294100046157837
8.58698365e-05 8.309599876403809
8.58698365e-05 8.327100038528442
8.58698365e-05 8.344099998474121
8.58698365e-05 8.359300136566162
8.58698365e-05 8.378900051116943
8.58698365e-05 8.394599914550781
8.58698365e-05 8.412400007247925
8.58698365e-05 8.432100057601929
8.58698365e-05 8.449300050735474
8.58698365e-05 8.466500043869019
8.58698365e-05 8.48390007019043
8.58698365e-05 8.501000165939331
8.58698365e-05 8.517699956893921
8.58698365e-05 8.534000158309937