10.86960440108936 0.0006997585296630859
10.86960440108936 0.011199951171875
10.86960440108936 0.01789999008178711
10.83489982804469 0.03019976615905762
10.83224040272928 0.04130005836486816
10.81323965982726 0.05550003051757813
10.85915625055428 0.06819987297058105
10.80711696641284 0.07879996299743652
10.78718105255471 0.09039998054504395
10.83217080819556 0.100100040435791
10.79684214122278 0.1121001243591309
10.77670599871159 0.123499870300293
10.58381950475285 0.1345999240875244
10.64887395944896 0.1451001167297363
10.47691935888531 0.15690016746521
10.30283893337689 0.1684999465942383
10.36673299047009 0.1798000335693359
10.12874041340718 0.190500020980835
10.00708414336461 0.2014000415802002
10.06974499753447 0.2129001617431641
9.834493264414151 0.223599910736084
9.697234370553737 0.2355999946594238
9.526111905393313 0.247499942779541
9.571554584607041 0.2634999752044678
9.390336069992285 0.2748000621795654
9.220940438742746 0.2857999801635742
9.280270172251416 0.2966997623443604
9.068905488358693 0.3076999187469482
8.919087574526797 0.3187999725341797
8.977119129954261 0.3303999900817871
8.795764092313856 0.341900110244751
8.60493340990786 0.3571000099182129
8.442115661111268 0.3684999942779541
8.512107041722482 0.3796999454498291
8.292682625802204 0.3905999660491943
8.132071178117506 0.4029998779296875
7.97078079437832 0.4154000282287598
8.011165032311386 0.4291999340057373
7.827877466634767 0.4406998157501221
7.683934201866274 0.4523000717163086
7.526009137526232 0.464400053024292
7.564908094620148 0.4794998168945313
7.371439920255528 0.4907999038696289
7.230727584552822 0.5034000873565674
7.281297948665267 0.5139999389648438
7.076634162196454 0.5246000289916992
6.940268493239546 0.5366001129150391
6.762261589650596 0.5490999221801758
6.798563312480242 0.5632998943328857
6.676485525819937 0.5759000778198242
6.494011433145735 0.5920999050140381
6.360457945912183 0.6019999980926514
6.395372871480538 0.613800048828125
6.20304127201898 0.6245999336242676
6.085692236997315 0.636699914932251
5.929247044546375 0.6507999897003174
5.803293731387019 0.666100025177002
5.847268834055843 0.6802999973297119
5.676480983991183 0.6923999786376953
5.538071016748544 0.7039999961853027
5.401344392279004 0.7156000137329102
5.281083434516562 0.731299877166748
5.312175351513393 0.7469000816345215
5.149846609279363 0.7578999996185303
5.03036922065064 0.7701001167297363
4.900307093610492 0.7819998264312744
4.783963957775262 0.7979998588562012
4.813236980445568 0.8125
4.659561166666148 0.8245999813079834
4.546434220689726 0.8361001014709473
4.423509794802431 0.8486998081207275
4.460763589458599 0.8633999824523926
4.32492545575986 0.8749001026153564
4.196553185554868 0.8851997852325439
4.232649968118617 0.8964998722076416
4.090164955735064 0.9081001281738281
3.98545801617669 0.9200999736785889
3.897710484844712 0.9314000606536865
3.932254009170436 0.9481000900268555
3.806462848540218 0.9584000110626221
3.696237659170033 0.9707999229431152
3.729708140297635 0.981299877166748
3.578114121207401 0.9931998252868652
3.485606327768647 1.004499912261963
3.385109269087342 1.016299962997437
3.36928888013171 1.029999971389771
3.293215026995914 1.041800022125244
3.180062919928138 1.052099943161011
3.13446316386066 1.063799858093262
3.062103852362722 1.074900150299072
2.966005183586327 1.08679986000061
2.892068661535757 1.098400115966797
2.817767088778014 1.114799976348877
2.722466845255412 1.131699800491333
2.646630454925773 1.146699905395508
2.646630454925773 1.158699989318848
2.545270561289001 1.171099901199341
2.475863724089202 1.182899951934814
2.397878368683621 1.197699785232544
2.412895497941328 1.208899974822998
2.356052735590246 1.221400022506714
2.335779547098452 1.233999967575073
2.266757730381111 1.249199867248535
2.288368815429592 1.258900165557861
2.223016969603348 1.271600008010864
2.1526987297883 1.28439998626709
2.08713395270138 1.297800064086914
2.100604163274765 1.309400081634521
2.089485684160242 1.321599960327148
2.021643029917618 1.33459997177124
1.958637526807333 1.348299980163574
1.915691159314437 1.36269998550415
1.928254499019677 1.376199960708618
1.880792970430208 1.387900114059448
1.822490191918811 1.400199890136719
1.76363087200114 1.414299964904785
1.707075117923978 1.425899982452393
1.729893584482022 1.442300081253052
1.679611260408393 1.456199884414673
1.62017943446411 1.467600107192993
1.570770123689906 1.480499982833862
1.586616412241364 1.493000030517578
1.538960365562476 1.504899978637695
1.478071758922811 1.517699956893921
1.427244530305339 1.531300067901611
1.382790172132603 1.543799877166748
1.339278560409532 1.561199903488159
1.352837150053117 1.576600074768066
1.314373347096319 1.589499950408936
1.264035187400447 1.601599931716919
1.223013536397567 1.613900184631348
1.175251979941695 1.626800060272217
1.190988469256256 1.642699956893921
1.151848903771839 1.654099941253662
1.113636328994593 1.66569995880127
1.076480711493368 1.682100057601929
1.030245436305647 1.698400020599365
1.040287221255189 1.709499835968018
1.005171032702673 1.721999883651733
0.9675816925341476 1.733699798583984
0.9290843362232197 1.748900175094604
0.9377892026471815 1.759699821472168
0.9058136951638366 1.773099899291992
0.8716572260665082 1.78439998626709
0.8373708462017577 1.798799991607666
0.8447405040966148 1.809499979019165
0.8160279186761366 1.821900129318237
0.7828732038540634 1.834199905395508
0.7554881692995742 1.848299980163574
0.7615252022084567 1.859899997711182
0.7362121701625429 1.872100114822388
0.7093801931832465 1.884699821472168
0.6838875218971477 1.898499965667725
0.68700905224278 1.909899950027466
0.6682903237133259 1.921799898147583
0.6439379146968993 1.932999849319458
0.6288147206628051 1.950199842453003
0.6105011021006951 1.965900182723999
0.5908412062112641 1.982400178909302
0.5749107550537886 1.994499921798706
0.5770728888861975 2.009699821472168
0.5626463724186306 2.024199962615967
0.5468523050389836 2.034999847412109
0.5363544611726989 2.048400163650513
0.5369060475146518 2.060299873352051
0.5266987498967083 2.072799921035767
0.5160590308192746 2.086299896240234
0.5104044450949259 2.098999977111816
0.5099065774408068 2.1110999584198
0.5039973646491803 2.122600078582764
0.4983381080384535 2.134299993515015
0.4938701358435925 2.149899959564209
0.4895967560177253 2.165899991989136
0.4888094623210216 2.183099985122681
0.482028363713557 2.194799900054932
0.4770600419866884 2.212199926376343
0.4708172595423742 2.22760009765625
0.4660510645353358 2.245499849319458
0.4602079304236864 2.261999845504761
0.4548027426574863 2.27810001373291
0.4531817865989697 2.294699907302856
0.4478296240367121 2.308199882507324
0.4416359618626283 2.321099996566772
0.4364721029436709 2.332799911499023
0.4327802661549566 2.351799964904785
0.4268378101390028 2.36710000038147
0.4225130067465269 2.383100032806396
0.4211547434754365 2.398499965667725
0.4157764156287676 2.411900043487549
0.4112111009439888 2.427999973297119
0.4077091299818202 2.444299936294556
0.4036866680352271 2.456799983978271
0.3975606519313923 2.469799995422363
0.3932411701044475 2.484100103378296
0.3906012134064555 2.500199794769287
0.3882606425767647 2.511399984359741
0.383753439827649 2.524199962615967
0.3785885708166824 2.537499904632568
0.3740052077863694 2.549699783325195
0.3697237047258761 2.566900014877319
0.367910543904551 2.58299994468689
0.3652331334032509 2.595099925994873
0.3605021589568976 2.607400178909302
0.3550161377054842 2.619899988174438
0.3513857361747636 2.634199857711792
0.3496372545577097 2.64929986000061
0.3454155454649719 2.662800073623657
0.3410752653410721 2.67930006980896
0.3366657282964535 2.694999933242798
0.3317620991025553 2.71619987487793
0.3264543523951087 2.73419976234436
0.3229655217483837 2.748999834060669
0.3179080477612052 2.763000011444092
0.3170917892600098 2.7778000831604
0.3121571159834333 2.790600061416626
0.3071158957552735 2.804100036621094
0.3037336599248219 2.81660008430481
0.2996784222753532 2.834199905395508
0.2983617995371932 2.849600076675415
0.294107526451269 2.862400054931641
0.2911475487468927 2.878299951553345
0.2872021810533816 2.890699863433838
0.2823678654601368 2.902600049972534
0.278849703285489 2.916900157928467
0.2769578246886689 2.933300018310547
0.2751132075314924 2.944799900054932
0.2710053104999826 2.957600116729736
0.2662766549191565 2.970299959182739
0.2652538685782896 2.982800006866455
0.2616833212826206 2.996099948883057
0.2580281659544637 3.013199806213379
0.255671930761144 3.02869987487793
0.2517444311592895 3.040799856185913
0.2470816115958954 3.055400133132935
0.2436407772008068 3.067699909210205
0.2399223513972395 3.083699941635132
0.2363081086019374 3.100800037384033
0.232736324092419 3.116999864578247
0.2289634483643727 3.134099960327148
0.2254079045984157 3.150400161743164
0.2243274821245133 3.166399955749512
0.2206386231460926 3.179100036621094
0.2182114041863434 3.19539999961853
0.2145401392130078 3.20799994468689
0.2105227470970127 3.222699880599976
0.2073763482278989 3.2360999584198
0.2041777445538716 3.25029993057251
0.2008456992917209 3.267499923706055
0.1998029426492229 3.283100128173828
0.1975577593336165 3.295499801635742
0.1942537208997715 3.309199810028076
0.1902294685335491 3.321099996566772
0.1875744903379666 3.333899974822998
0.1864668570976501 3.350300073623657
0.1831080160282257 3.362799882888794
0.1810288740068025 3.378799915313721
0.1779906351346855 3.391499996185303
0.1743317295127516 3.405600070953369
0.1712001913943755 3.420300006866455
0.1686243809982995 3.434799909591675
0.1674226533381181 3.450400114059448
0.1652303945274073 3.462599992752075
0.1622368991881137 3.474900007247925
0.1583937654145733 3.487499952316284
0.1577093273284784 3.501100063323975
0.1561364865345569 3.512799978256226
0.1532278213535749 3.526099920272827
0.1493161554410208 3.539900064468384
0.1466306598719659 3.553100109100342
0.1443008417927453 3.568499803543091
0.1413327770092744 3.58459997177124
0.1383955547820195 3.60099983215332
0.1358105830978153 3.617499828338623
0.1329316190373521 3.634999990463257
0.1321109916738823 3.650499820709229
0.1300840124893726 3.662800073623657
0.1275782391482809 3.675600051879883
0.1241725916061751 3.689100027084351
0.1218821399754965 3.701900005340576
0.1196027628567411 3.717600107192993
0.1169019973964816 3.734499931335449
0.1142320745725081 3.751699924468994
0.1118847024283134 3.769400119781494
0.1092730379334165 3.784499883651733
0.1066922160925144 3.802099943161011
0.1042927963975957 3.818400144577026
0.1019015200902495 3.83430004119873
0.09940979986980615 3.85319995880127
0.09708973444678706 3.867900133132935
0.09465811798850737 3.885499954223633
0.09238470085995443 3.901400089263916
0.09015357561603095 3.919300079345703
0.08781119645098409 3.934699773788452
0.08561713476586105 3.952100038528442
0.08333445935903799 3.967999935150146
0.08121160168950954 3.985499858856201
0.07898903518778549 4.001600027084351
0.07691325457834156 4.01990008354187
0.07475052116058734 4.035799980163574
0.07274623441022315 4.053900003433228
0.07064378012117073 4.068599939346313
0.06867597768828476 4.085900068283081
0.06675028188811861 4.102100133895874
0.06484323397963984 4.119799852371216
0.06285870446086791 4.135799884796143
0.06101724731823101 4.1528000831604
0.05919426068857078 4.170199871063232
0.0572988315151759 4.185100078582764
0.05543424529273537 4.201900005340576
0.05370611894446628 4.218899965286255
0.05199635877760442 4.235399961471558
0.04983050898949679 4.252099990844727
0.04752031110671514 4.269699811935425
0.04545079818161746 4.285799980163574
0.04334105764116152 4.302799940109253
0.04154365568317684 4.318400144577026
0.0396105088866077 4.335299968719482
0.03780278916401675 4.35260009765625
0.0359594495122882 4.368799924850464
0.03432366776832005 4.385900020599365
0.03428592203636013 4.402100086212158
0.03274569334019 4.414999961853027
0.03120954667000713 4.431699752807617
0.02925101846359452 4.44980001449585
0.02788223977642258 4.464699983596802
0.02664674732745913 4.481899976730347
0.02525913786115315 4.498199939727783
0.02404372588182651 4.514699935913086
0.02273172620579491 4.531699895858765
0.02151265632478572 4.548799991607666
0.02050684796524497 4.56499981880188
0.01960710030216422 4.580999851226807
0.01867717648688735 4.597699880599976
0.01773622651690217 4.615799903869629
0.01692291841661546 4.631599903106689
0.0160272012139421 4.648099899291992
0.01522805167262214 4.665499925613403
0.01448526345665736 4.682600021362305
0.01376122364141802 4.700099945068359
0.01308524210599038 4.714600086212158
0.01243930121546642 4.732400178909302
0.01191946705362828 4.749900102615356
0.01135540491200503 4.765300035476685
0.01080508810245912 4.784299850463867
0.01030169271126591 4.79830002784729
0.009824442021646682 4.814800024032593
0.009374449315007605 4.83299994468689
0.008876387508338345 4.848900079727173
0.008471898183030275 4.866699934005737
0.008016195324517908 4.882199764251709
0.007662013678460117 4.899699926376343
0.007330436418145814 4.917199850082397
0.006962272087855741 4.932699918746948
0.006629975477938871 4.948899984359741
0.006323247859938742 4.965800046920776
0.00600594557213514 4.983599901199341
0.005711097993267083 5.000199794769287
0.005450757865088291 5.016000032424927
0.005196530342285803 5.032799959182739
0.00494841746136237 5.050100088119507
0.004706421521324402 5.067300081253052
0.004492389824903574 5.082900047302246
0.004261473806257274 5.100499868392944
0.004072326237254069 5.115799903869629
0.003872042972992831 5.133300065994263
0.003692632493062621 5.149600028991699
0.003501282114918679 5.166399955749512
0.003348087266759879 5.182699918746948
0.003180197221937401 5.200699806213379
0.003034741362504685 5.216499805450439
0.002862147898999483 5.232900142669678
0.002723801628930537 5.25029993057251
0.002619134656862377 5.267299890518188
0.002500853390502122 5.28439998626709
0.002371646405085187 5.300899982452393
0.002245866454954343 5.317300081253052
0.002150436408138535 5.333699941635132
0.002031339363995369 5.349999904632568
0.001953865246707642 5.368199825286865
0.001851327328500843 5.385100126266479
0.00176604306638651 5.400300025939941
0.001663838779298367 5.422199964523315
0.001595455476396136 5.444299936294556
0.001487532525154322 5.460699796676636
0.001395533979223589 5.478600025177002
0.001331106730026693 5.494699954986572
0.001258108922666438 5.510499954223633
0.00120675873087213 5.527600049972534
0.001146899223868402 5.545799970626831
0.001088563289718937 5.563600063323975
0.001031750981926505 5.579600095748901
0.0009956358883510671 5.59689998626709
0.0009418081501678392 5.613999843597412
0.0008962971570701821 5.630800008773804
0.0008385000920140758 5.648099899291992
0.0007948056265363453 5.668199777603149
0.0007889958057482936 5.685400009155273
0.0007413578423981253 5.702300071716309
0.0006994202755924826 5.716799974441528
0.0006765319289290739 5.733599901199341
0.0006318975765454264 5.750600099563599
0.0006101515720460458 5.766900062561035
0.0005863220536112651 5.784299850463867
0.0005606009129433618 5.80269980430603
0.0005420747663981663 5.823699951171875
0.0004879527315479203 5.838099956512451
0.0004641350480183693 5.854099988937378
0.0004458332248355195 5.870599985122681
0.0004138184614334247 5.887400150299072
0.0003962691830220251 5.904299974441528
0.0003791012509727964 5.921299934387207
0.0003623147185868075 5.938600063323975
0.0003459096454920938 5.954400062561035
0.0003270471817513479 5.97189998626709
0.000311850021838291 5.989099979400635
0.0002988382180565817 6.005100011825562
0.000286489239546117 6.021300077438354
0.00026953665245721 6.03849983215332
0.000255418068497405 6.05430006980896
0.0002416812987882755 6.071300029754639
0.0002283264655338777 6.088699817657471
0.0002264317950083033 6.104400157928467
0.0002139346356549299 6.121099948883057
0.000202644430030902 6.138699769973755
0.0001904287040625254 6.153999805450439
0.000178594865861898 6.17169976234436
0.000182795047095714 6.18939995765686
0.0001671869926687911 6.206499814987183
0.000156120538492916 6.222900152206421
0.0001553272948322782 6.237900018692017
0.000145180485447516 6.255900144577026
0.0001354573726920408 6.277100086212158
0.0001261649286517995 6.313199758529663
0.0001198880460537829 6.344900131225586
0.0001117119444426472 6.3649001121521
9.75690563508e-05 6.383699893951416
8.91719324573e-05 6.405499935150146
8.91719324573e-05 6.421900033950806
8.91719324573e-05 6.438400030136108
8.91719324573e-05 6.455399990081787
8.91719324573e-05 6.471400022506714
8.98662822975e-05 6.488300085067749
8.98662822975e-05 6.504800081253052
8.98662822975e-05 6.52180004119873
8.98662822975e-05 6.538100004196167
8.98662822975e-05 6.555699825286865
8.98662822975e-05 6.571300029754639
8.98662822975e-05 6.588599920272827
8.98662822975e-05 6.604699850082397
8.98662822975e-05 6.621599912643433
8.98662822975e-05 6.638799905776978
8.98662822975e-05 6.656199932098389
8.98662822975e-05 6.673199892044067
8.98662822975e-05 6.688799858093262
8.98662822975e-05 6.705999851226807
8.98662822975e-05 6.721799850463867
8.98662822975e-05 6.739300012588501
8.98662822975e-05 6.75540018081665
8.98662822975e-05 6.772799968719482
8.98662822975e-05 6.788599967956543
8.98662822975e-05 6.806400060653687
8.98662822975e-05 6.822400093078613
8.98662822975e-05 6.844499826431274
8.98662822975e-05 6.862299919128418
8.98662822975e-05 6.878499984741211
8.98662822975e-05 6.897500038146973
8.98662822975e-05 6.912600040435791
8.98662822975e-05 6.929699897766113
8.98662822975e-05 6.946400165557861
8.98662822975e-05 6.96399998664856
8.98662822975e-05 6.980199813842773
8.98662822975e-05 6.995699882507324
8.98662822975e-05 7.011999845504761
8.98662822975e-05 7.029099941253662
8.98662822975e-05 7.046199798583984
8.98662822975e-05 7.061699867248535
8.98662822975e-05 7.078699827194214
8.98662822975e-05 7.094699859619141
8.98662822975e-05 7.110900163650513
8.98662822975e-05 7.126800060272217
8.98662822975e-05 7.141600131988525
8.98662822975e-05 7.156699895858765
8.98662822975e-05 7.173199892044067
8.98662822975e-05 7.188999891281128
8.98662822975e-05 7.205399990081787
8.98662822975e-05 7.222599983215332